0.000000	0.245536	0.249481	0.240792	0.242635	0.317906	0.322225	0.314052	0.315304	0.310367	0.245861	0.249212	0.301552	0.259419	0.309542	0.313774	0.319502	0.316745	0.292476	0.240082	0.251993	0.380373	0.237696	0.231335	0.258343	0.246896	0.282671	0.276843	0.237172	0.233822	0.236499	0.241402	0.277301	0.286161	0.385203	0.372783	0.235841	0.261102	0.281590	0.254798	0.286171	0.291906	0.237924	0.242923	0.232193	0.365155	0.249841	0.252150	0.380015	
0.245536	0.000000	0.213406	0.212160	0.212899	0.299403	0.308784	0.291485	0.300648	0.293824	0.240213	0.259135	0.292136	0.250128	0.306096	0.312051	0.303208	0.313549	0.284041	0.235697	0.255852	0.370607	0.257685	0.255243	0.261943	0.252802	0.260049	0.263941	0.252498	0.255860	0.259191	0.251334	0.270868	0.267090	0.389253	0.362660	0.243240	0.265771	0.263091	0.259864	0.272950	0.278853	0.251686	0.258940	0.251749	0.356847	0.262421	0.259526	0.385864	
0.249481	0.213406	0.000000	0.209460	0.207175	0.296456	0.306289	0.291357	0.295410	0.292906	0.245816	0.270377	0.294260	0.258503	0.297393	0.307016	0.307499	0.311022	0.288779	0.248767	0.266571	0.376598	0.256231	0.257869	0.265261	0.254786	0.264316	0.272563	0.258605	0.269813	0.262631	0.262184	0.276992	0.267177	0.391339	0.356160	0.247856	0.269032	0.263087	0.255105	0.259864	0.285820	0.256142	0.265400	0.256503	0.355682	0.264693	0.275075	0.387360	
0.240792	0.212160	0.209460	0.000000	0.092700	0.297765	0.299358	0.297716	0.285782	0.285631	0.238493	0.267902	0.293962	0.244196	0.291827	0.299724	0.301625	0.306192	0.289907	0.238609	0.263391	0.375572	0.245477	0.244136	0.246762	0.251040	0.264668	0.265742	0.248562	0.245136	0.245457	0.244920	0.270624	0.268856	0.390602	0.369217	0.236679	0.253748	0.260311	0.250661	0.264684	0.282268	0.239424	0.254770	0.252202	0.361538	0.256149	0.256535	0.385248	
0.242635	0.212899	0.207175	0.092700	0.000000	0.297539	0.302468	0.297862	0.293921	0.291612	0.240648	0.263681	0.296355	0.242527	0.293852	0.307075	0.305256	0.310021	0.288504	0.237677	0.263736	0.380261	0.245167	0.245663	0.248422	0.251146	0.261215	0.266447	0.250455	0.247191	0.246099	0.244551	0.265533	0.272594	0.400665	0.370873	0.235880	0.255889	0.266523	0.246903	0.268277	0.284067	0.240889	0.255582	0.247163	0.364855	0.255289	0.263025	0.388670	
0.317906	0.299403	0.296456	0.297765	0.297539	0.000000	0.250837	0.228239	0.229103	0.236863	0.298980	0.310316	0.257373	0.281635	0.248507	0.252795	0.252228	0.256119	0.267738	0.304054	0.306278	0.367426	0.308654	0.307870	0.270146	0.297748	0.290626	0.294110	0.315897	0.309240	0.304014	0.297219	0.293827	0.295095	0.384430	0.349106	0.303966	0.292809	0.289331	0.293295	0.290735	0.277667	0.312500	0.307610	0.312441	0.357453	0.314248	0.314420	0.378392	
0.322225	0.308784	0.306289	0.299358	0.302468	0.250837	0.000000	0.227920	0.221548	0.181830	0.310137	0.318079	0.244206	0.282051	0.249840	0.255461	0.254553	0.257724	0.263005	0.306075	0.318421	0.372216	0.315783	0.323242	0.287152	0.316638	0.298985	0.301373	0.325636	0.318513	0.317880	0.314188	0.301345	0.291229	0.384548	0.364878	0.317293	0.304598	0.303585	0.298195	0.301955	0.277842	0.315627	0.316997	0.320306	0.366575	0.315229	0.315523	0.381802	
0.314052	0.291485	0.291357	0.297716	0.297862	0.228239	0.227920	0.000000	0.185379	0.218081	0.302878	0.307885	0.235615	0.285677	0.246606	0.241321	0.243506	0.238863	0.251632	0.300024	0.307947	0.381751	0.308794	0.308603	0.285247	0.302515	0.287068	0.297080	0.306238	0.312309	0.314272	0.303008	0.293087	0.292496	0.394044	0.362284	0.299102	0.289123	0.297532	0.288295	0.291419	0.271749	0.304591	0.315279	0.312523	0.367681	0.319366	0.316942	0.382489	
0.315304	0.300648	0.295410	0.285782	0.293921	0.229103	0.221548	0.185379	0.000000	0.222783	0.305304	0.301585	0.234903	0.288377	0.242274	0.235103	0.241895	0.240054	0.253637	0.308714	0.298308	0.379514	0.302026	0.304995	0.276771	0.304541	0.286927	0.288129	0.313179	0.305947	0.308361	0.301387	0.288246	0.286390	0.394156	0.362629	0.303639	0.287780	0.294479	0.290835	0.290678	0.273585	0.310653	0.310699	0.310527	0.370286	0.313681	0.311836	0.388405	
0.310367	0.293824	0.292906	0.285631	0.291612	0.236863	0.181830	0.218081	0.222783	0.000000	0.298758	0.305796	0.231201	0.280755	0.239401	0.242496	0.237823	0.242402	0.252868	0.307429	0.304102	0.381300	0.309680	0.309206	0.288184	0.302617	0.290276	0.291432	0.310452	0.307167	0.309099	0.304127	0.289403	0.286073	0.390288	0.363580	0.300722	0.291509	0.288739	0.295378	0.291626	0.265543	0.311070	0.308943	0.308221	0.366509	0.310192	0.313737	0.391826	
0.245861	0.240213	0.245816	0.238493	0.240648	0.298980	0.310137	0.302878	0.305304	0.298758	0.000000	0.259653	0.299652	0.256169	0.305050	0.305215	0.311363	0.307692	0.299289	0.236164	0.263846	0.384728	0.252388	0.240793	0.256698	0.241829	0.272521	0.282934	0.247089	0.235351	0.248523	0.240920	0.267792	0.278186	0.395985	0.366185	0.243125	0.258618	0.260831	0.261691	0.273399	0.284554	0.245408	0.246071	0.243837	0.363715	0.255397	0.253889	0.387847	
0.249212	0.259135	0.270377	0.267902	0.263681	0.310316	0.318079	0.307885	0.301585	0.305796	0.259653	0.000000	0.300458	0.273458	0.314176	0.315856	0.308551	0.311171	0.306094	0.254669	0.153020	0.364458	0.267160	0.255802	0.268501	0.264637	0.268335	0.276941	0.257476	0.267970	0.262546	0.258261	0.276181	0.280097	0.381778	0.358278	0.261183	0.278249	0.279939	0.269323	0.287806	0.291625	0.266090	0.273712	0.263706	0.354517	0.260075	0.268293	0.368599	
0.301552	0.292136	0.294260	0.293962	0.296355	0.257373	0.244206	0.235615	0.234903	0.231201	0.299652	0.300458	0.000000	0.282503	0.223608	0.232929	0.222832	0.235858	0.251541	0.298513	0.297381	0.375750	0.299028	0.300049	0.280027	0.300629	0.297454	0.290929	0.304850	0.303885	0.307407	0.294703	0.286112	0.276475	0.390543	0.356835	0.292348	0.281287	0.286792	0.278929	0.283811	0.258538	0.305023	0.303565	0.303360	0.360494	0.303887	0.301910	0.388644	
0.259419	0.250128	0.258503	0.244196	0.242527	0.281635	0.282051	0.285677	0.288377	0.280755	0.256169	0.273458	0.282503	0.000000	0.278760	0.288136	0.283342	0.286628	0.268729	0.252591	0.275857	0.358016	0.271239	0.265843	0.264686	0.256587	0.265388	0.260887	0.268762	0.261280	0.252709	0.261383	0.271438	0.258695	0.383422	0.355402	0.259126	0.264434	0.274296	0.258602	0.263865	0.262942	0.260742	0.260898	0.267404	0.346424	0.261259	0.272316	0.381778	
0.309542	0.306096	0.297393	0.291827	0.293852	0.248507	0.249840	0.246606	0.242274	0.239401	0.305050	0.314176	0.223608	0.278760	0.000000	0.197947	0.192427	0.195404	0.245351	0.312389	0.310332	0.382871	0.311237	0.307987	0.282010	0.303030	0.291341	0.286419	0.318263	0.305339	0.312863	0.308291	0.289908	0.284102	0.396674	0.365589	0.315365	0.288649	0.303304	0.296777	0.293173	0.270763	0.318467	0.310288	0.315214	0.368077	0.318123	0.318462	0.397316	
0.313774	0.312051	0.307016	0.299724	0.307075	0.252795	0.255461	0.241321	0.235103	0.242496	0.305215	0.315856	0.232929	0.288136	0.197947	0.000000	0.210760	0.157120	0.252680	0.309237	0.312540	0.384728	0.322659	0.312868	0.288739	0.298859	0.301335	0.289578	0.318583	0.318073	0.311130	0.311795	0.294445	0.290739	0.390601	0.372323	0.313325	0.295146	0.304663	0.299112	0.294199	0.271213	0.320603	0.314601	0.321786	0.375519	0.321562	0.314001	0.394493	
0.319502	0.303208	0.307499	0.301625	0.305256	0.252228	0.254553	0.243506	0.241895	0.237823	0.311363	0.308551	0.222832	0.283342	0.192427	0.210760	0.000000	0.154063	0.252244	0.315244	0.310602	0.381863	0.322898	0.317600	0.284803	0.306920	0.299539	0.287678	0.322953	0.315737	0.313425	0.313556	0.290664	0.292708	0.392423	0.367859	0.316587	0.289284	0.302748	0.302567	0.291678	0.271944	0.315074	0.316355	0.320391	0.368200	0.323566	0.318274	0.394637	
0.316745	0.313549	0.311022	0.306192	0.310021	0.256119	0.257724	0.238863	0.240054	0.242402	0.307692	0.311171	0.235858	0.286628	0.195404	0.157120	0.154063	0.000000	0.254814	0.319694	0.311329	0.382553	0.322811	0.314919	0.291293	0.307722	0.295762	0.292389	0.315213	0.312758	0.310847	0.314680	0.293800	0.287862	0.397224	0.373257	0.312424	0.294079	0.308079	0.303034	0.295941	0.276240	0.315005	0.316173	0.321802	0.377139	0.322144	0.314005	0.390948	
0.292476	0.284041	0.288779	0.289907	0.288504	0.267738	0.263005	0.251632	0.253637	0.252868	0.299289	0.306094	0.251541	0.268729	0.245351	0.252680	0.252244	0.254814	0.000000	0.291235	0.297448	0.370657	0.288697	0.290691	0.233300	0.282976	0.281148	0.268675	0.290319	0.291144	0.290596	0.285607	0.275812	0.276756	0.388345	0.362759	0.294499	0.278373	0.280699	0.279726	0.282803	0.262671	0.291925	0.295134	0.297102	0.362086	0.299063	0.294453	0.386314	
0.240082	0.235697	0.248767	0.238609	0.237677	0.304054	0.306075	0.300024	0.308714	0.307429	0.236164	0.254669	0.298513	0.252591	0.312389	0.309237	0.315244	0.319694	0.291235	0.000000	0.256352	0.363971	0.250239	0.238072	0.250000	0.247531	0.267936	0.280088	0.241768	0.238438	0.243489	0.248127	0.272847	0.279772	0.385546	0.358807	0.238028	0.259060	0.264702	0.256332	0.268845	0.286137	0.240895	0.245416	0.242658	0.354994	0.250148	0.249162	0.382109	
0.251993	0.255852	0.266571	0.263391	0.263736	0.306278	0.318421	0.307947	0.298308	0.304102	0.263846	0.153020	0.297381	0.275857	0.310332	0.312540	0.310602	0.311329	0.297448	0.256352	0.000000	0.373126	0.263696	0.256594	0.265681	0.263609	0.275763	0.276099	0.262122	0.263026	0.254774	0.259688	0.275121	0.279797	0.382516	0.365352	0.260321	0.263872	0.273301	0.260309	0.282089	0.291003	0.255864	0.269029	0.257888	0.359198	0.255338	0.261146	0.375753	
0.380373	0.370607	0.376598	0.375572	0.380261	0.367426	0.372216	0.381751	0.379514	0.381300	0.384728	0.364458	0.375750	0.358016	0.382871	0.384728	0.381863	0.382553	0.370657	0.363971	0.373126	0.000000	0.376268	0.384595	0.364254	0.376847	0.356505	0.365233	0.372403	0.377324	0.370760	0.373966	0.375296	0.364751	0.177762	0.202259	0.379608	0.373824	0.364424	0.370077	0.361977	0.365523	0.377972	0.378868	0.376733	0.200263	0.372715	0.364666	0.181832	
0.237696	0.257685	0.256231	0.245477	0.245167	0.308654	0.315783	0.308794	0.302026	0.309680	0.252388	0.267160	0.299028	0.271239	0.311237	0.322659	0.322898	0.322811	0.288697	0.250239	0.263696	0.376268	0.000000	0.233736	0.246109	0.240734	0.274720	0.275942	0.236041	0.234368	0.235937	0.231288	0.267398	0.270528	0.400968	0.365536	0.243508	0.254471	0.262341	0.248735	0.276743	0.277378	0.241302	0.236121	0.236355	0.361564	0.248880	0.245917	0.387929	
0.231335	0.255243	0.257869	0.244136	0.245663	0.307870	0.323242	0.308603	0.304995	0.309206	0.240793	0.255802	0.300049	0.265843	0.307987	0.312868	0.317600	0.314919	0.290691	0.238072	0.256594	0.384595	0.233736	0.000000	0.237998	0.212174	0.279536	0.269259	0.224336	0.219248	0.219538	0.230483	0.261383	0.279184	0.396983	0.360788	0.224677	0.253151	0.269437	0.252001	0.276222	0.280666	0.224629	0.226061	0.225352	0.364279	0.232703	0.242080	0.383542	
0.258343	0.261943	0.265261	0.246762	0.248422	0.270146	0.287152	0.285247	0.276771	0.288184	0.256698	0.268501	0.280027	0.264686	0.282010	0.288739	0.284803	0.291293	0.233300	0.250000	0.265681	0.364254	0.246109	0.237998	0.000000	0.243534	0.247493	0.263296	0.248192	0.244793	0.176771	0.235651	0.255700	0.252618	0.385692	0.336746	0.245580	0.253511	0.252557	0.254620	0.259967	0.267308	0.236202	0.231935	0.248574	0.323406	0.233579	0.257199	0.379555	
0.246896	0.252802	0.254786	0.251040	0.251146	0.297748	0.316638	0.302515	0.304541	0.302617	0.241829	0.264637	0.300629	0.256587	0.303030	0.298859	0.306920	0.307722	0.282976	0.247531	0.263609	0.376847	0.240734	0.212174	0.243534	0.000000	0.281978	0.266667	0.231392	0.227637	0.226399	0.234601	0.262010	0.258991	0.395024	0.369177	0.232368	0.251748	0.268811	0.252643	0.268144	0.276591	0.225400	0.225102	0.226162	0.363907	0.244048	0.249291	0.391742	
0.282671	0.260049	0.264316	0.264668	0.261215	0.290626	0.298985	0.287068	0.286927	0.290276	0.272521	0.268335	0.297454	0.265388	0.291341	0.301335	0.299539	0.295762	0.281148	0.267936	0.275763	0.356505	0.274720	0.279536	0.247493	0.281978	0.000000	0.240998	0.272741	0.273028	0.270088	0.278223	0.268783	0.262257	0.372573	0.346510	0.265262	0.260061	0.265498	0.262420	0.258890	0.285302	0.271361	0.279418	0.270839	0.339335	0.275743	0.285798	0.371636	
0.276843	0.263941	0.272563	0.265742	0.266447	0.294110	0.301373	0.297080	0.288129	0.291432	0.282934	0.276941	0.290929	0.260887	0.286419	0.289578	0.287678	0.292389	0.268675	0.280088	0.276099	0.365233	0.275942	0.269259	0.263296	0.266667	0.240998	0.000000	0.274146	0.264752	0.275425	0.271580	0.267078	0.254653	0.387954	0.361260	0.262189	0.253879	0.269353	0.264402	0.254867	0.278832	0.272785	0.270395	0.276846	0.356872	0.271119	0.277204	0.383659	
0.237172	0.252498	0.258605	0.248562	0.250455	0.315897	0.325636	0.306238	0.313179	0.310452	0.247089	0.257476	0.304850	0.268762	0.318263	0.318583	0.322953	0.315213	0.290319	0.241768	0.262122	0.372403	0.236041	0.224336	0.248192	0.231392	0.272741	0.274146	0.000000	0.235525	0.231638	0.229701	0.275741	0.283012	0.392160	0.369579	0.231247	0.253123	0.262620	0.256351	0.285303	0.287338	0.238394	0.233156	0.231030	0.358142	0.242707	0.247430	0.382874	
0.233822	0.255860	0.269813	0.245136	0.247191	0.309240	0.318513	0.312309	0.305947	0.307167	0.235351	0.267970	0.303885	0.261280	0.305339	0.318073	0.315737	0.312758	0.291144	0.238438	0.263026	0.377324	0.234368	0.219248	0.244793	0.227637	0.273028	0.264752	0.235525	0.000000	0.222890	0.222960	0.264565	0.275689	0.398131	0.370087	0.220698	0.253694	0.269538	0.258170	0.273902	0.274640	0.218426	0.180237	0.226096	0.358908	0.234446	0.245063	0.392055	
0.236499	0.259191	0.262631	0.245457	0.246099	0.304014	0.317880	0.314272	0.308361	0.309099	0.248523	0.262546	0.307407	0.252709	0.312863	0.311130	0.313425	0.310847	0.290596	0.243489	0.254774	0.370760	0.235937	0.219538	0.176771	0.226399	0.270088	0.275425	0.231638	0.222890	0.000000	0.218437	0.266088	0.278215	0.391354	0.367332	0.229053	0.255776	0.261327	0.256102	0.274199	0.280800	0.221448	0.220459	0.229742	0.354980	0.236203	0.233898	0.383264	
0.241402	0.251334	0.262184	0.244920	0.244551	0.297219	0.314188	0.303008	0.301387	0.304127	0.240920	0.258261	0.294703	0.261383	0.308291	0.311795	0.313556	0.314680	0.285607	0.248127	0.259688	0.373966	0.231288	0.230483	0.235651	0.234601	0.278223	0.271580	0.229701	0.222960	0.218437	0.000000	0.261423	0.264904	0.393752	0.365931	0.227372	0.253226	0.266343	0.243204	0.269991	0.269886	0.225741	0.222386	0.224640	0.364278	0.237806	0.241747	0.388556	
0.277301	0.270868	0.276992	0.270624	0.265533	0.293827	0.301345	0.293087	0.288246	0.289403	0.267792	0.276181	0.286112	0.271438	0.289908	0.294445	0.290664	0.293800	0.275812	0.272847	0.275121	0.375296	0.267398	0.261383	0.255700	0.262010	0.268783	0.267078	0.275741	0.264565	0.266088	0.261423	0.000000	0.256342	0.385764	0.355556	0.261295	0.259155	0.276738	0.260864	0.267959	0.261259	0.270511	0.269625	0.270778	0.359088	0.275354	0.267604	0.378272	
0.286161	0.267090	0.267177	0.268856	0.272594	0.295095	0.291229	0.292496	0.286390	0.286073	0.278186	0.280097	0.276475	0.258695	0.284102	0.290739	0.292708	0.287862	0.276756	0.279772	0.279797	0.364751	0.270528	0.279184	0.252618	0.258991	0.262257	0.254653	0.283012	0.275689	0.278215	0.264904	0.256342	0.000000	0.379445	0.353404	0.270611	0.260031	0.263068	0.256618	0.253456	0.266915	0.275138	0.273675	0.281513	0.354803	0.274712	0.272705	0.381612	
0.385203	0.389253	0.391339	0.390602	0.400665	0.384430	0.384548	0.394044	0.394156	0.390288	0.395985	0.381778	0.390543	0.383422	0.396674	0.390601	0.392423	0.397224	0.388345	0.385546	0.382516	0.177762	0.400968	0.396983	0.385692	0.395024	0.372573	0.387954	0.392160	0.398131	0.391354	0.393752	0.385764	0.379445	0.000000	0.205655	0.392186	0.394222	0.387348	0.385472	0.383673	0.389256	0.398021	0.398131	0.395511	0.209712	0.398053	0.386749	0.168722	
0.372783	0.362660	0.356160	0.369217	0.370873	0.349106	0.364878	0.362284	0.362629	0.363580	0.366185	0.358278	0.356835	0.355402	0.365589	0.372323	0.367859	0.373257	0.362759	0.358807	0.365352	0.202259	0.365536	0.360788	0.336746	0.369177	0.346510	0.361260	0.369579	0.370087	0.367332	0.365931	0.355556	0.353404	0.205655	0.000000	0.366609	0.364589	0.358843	0.358395	0.358831	0.355968	0.364016	0.371880	0.370398	0.183724	0.369522	0.362783	0.197620	
0.235841	0.243240	0.247856	0.236679	0.235880	0.303966	0.317293	0.299102	0.303639	0.300722	0.243125	0.261183	0.292348	0.259126	0.315365	0.313325	0.316587	0.312424	0.294499	0.238028	0.260321	0.379608	0.243508	0.224677	0.245580	0.232368	0.265262	0.262189	0.231247	0.220698	0.229053	0.227372	0.261295	0.270611	0.392186	0.366609	0.000000	0.245719	0.253664	0.244114	0.266389	0.275733	0.213093	0.225272	0.221114	0.358136	0.232389	0.235842	0.388133	
0.261102	0.265771	0.269032	0.253748	0.255889	0.292809	0.304598	0.289123	0.287780	0.291509	0.258618	0.278249	0.281287	0.264434	0.288649	0.295146	0.289284	0.294079	0.278373	0.259060	0.263872	0.373824	0.254471	0.253151	0.253511	0.251748	0.260061	0.253879	0.253123	0.253694	0.255776	0.253226	0.259155	0.260031	0.394222	0.364589	0.245719	0.000000	0.246414	0.246048	0.258705	0.269962	0.252987	0.259596	0.257736	0.359572	0.250285	0.260931	0.384954	
0.281590	0.263091	0.263087	0.260311	0.266523	0.289331	0.303585	0.297532	0.294479	0.288739	0.260831	0.279939	0.286792	0.274296	0.303304	0.304663	0.302748	0.308079	0.280699	0.264702	0.273301	0.364424	0.262341	0.269437	0.252557	0.268811	0.265498	0.269353	0.262620	0.269538	0.261327	0.266343	0.276738	0.263068	0.387348	0.358843	0.253664	0.246414	0.000000	0.255776	0.266522	0.271601	0.264343	0.277990	0.266916	0.349829	0.265917	0.263352	0.389698	
0.254798	0.259864	0.255105	0.250661	0.246903	0.293295	0.298195	0.288295	0.290835	0.295378	0.261691	0.269323	0.278929	0.258602	0.296777	0.299112	0.302567	0.303034	0.279726	0.256332	0.260309	0.370077	0.248735	0.252001	0.254620	0.252643	0.262420	0.264402	0.256351	0.258170	0.256102	0.243204	0.260864	0.256618	0.385472	0.358395	0.244114	0.246048	0.255776	0.000000	0.263549	0.268452	0.252890	0.254474	0.245099	0.353699	0.255565	0.253555	0.381747	
0.286171	0.272950	0.259864	0.264684	0.268277	0.290735	0.301955	0.291419	0.290678	0.291626	0.273399	0.287806	0.283811	0.263865	0.293173	0.294199	0.291678	0.295941	0.282803	0.268845	0.282089	0.361977	0.276743	0.276222	0.259967	0.268144	0.258890	0.254867	0.285303	0.273902	0.274199	0.269991	0.267959	0.253456	0.383673	0.358831	0.266389	0.258705	0.266522	0.263549	0.000000	0.272850	0.274407	0.276777	0.271774	0.350062	0.268030	0.279188	0.379037	
0.291906	0.278853	0.285820	0.282268	0.284067	0.277667	0.277842	0.271749	0.273585	0.265543	0.284554	0.291625	0.258538	0.262942	0.270763	0.271213	0.271944	0.276240	0.262671	0.286137	0.291003	0.365523	0.277378	0.280666	0.267308	0.276591	0.285302	0.278832	0.287338	0.274640	0.280800	0.269886	0.261259	0.266915	0.389256	0.355968	0.275733	0.269962	0.271601	0.268452	0.272850	0.000000	0.280029	0.283806	0.287617	0.356855	0.279860	0.279924	0.381428	
0.237924	0.251686	0.256142	0.239424	0.240889	0.312500	0.315627	0.304591	0.310653	0.311070	0.245408	0.266090	0.305023	0.260742	0.318467	0.320603	0.315074	0.315005	0.291925	0.240895	0.255864	0.377972	0.241302	0.224629	0.236202	0.225400	0.271361	0.272785	0.238394	0.218426	0.221448	0.225741	0.270511	0.275138	0.398021	0.364016	0.213093	0.252987	0.264343	0.252890	0.274407	0.280029	0.000000	0.218058	0.210500	0.356743	0.234630	0.242003	0.386628	
0.242923	0.258940	0.265400	0.254770	0.255582	0.307610	0.316997	0.315279	0.310699	0.308943	0.246071	0.273712	0.303565	0.260898	0.310288	0.314601	0.316355	0.316173	0.295134	0.245416	0.269029	0.378868	0.236121	0.226061	0.231935	0.225102	0.279418	0.270395	0.233156	0.180237	0.220459	0.222386	0.269625	0.273675	0.398131	0.371880	0.225272	0.259596	0.277990	0.254474	0.276777	0.283806	0.218058	0.000000	0.222075	0.357709	0.232105	0.237426	0.390494	
0.232193	0.251749	0.256503	0.252202	0.247163	0.312441	0.320306	0.312523	0.310527	0.308221	0.243837	0.263706	0.303360	0.267404	0.315214	0.321786	0.320391	0.321802	0.297102	0.242658	0.257888	0.376733	0.236355	0.225352	0.248574	0.226162	0.270839	0.276846	0.231030	0.226096	0.229742	0.224640	0.270778	0.281513	0.395511	0.370398	0.221114	0.257736	0.266916	0.245099	0.271774	0.287617	0.210500	0.222075	0.000000	0.363064	0.220980	0.238666	0.395078	
0.365155	0.356847	0.355682	0.361538	0.364855	0.357453	0.366575	0.367681	0.370286	0.366509	0.363715	0.354517	0.360494	0.346424	0.368077	0.375519	0.368200	0.377139	0.362086	0.354994	0.359198	0.200263	0.361564	0.364279	0.323406	0.363907	0.339335	0.356872	0.358142	0.358908	0.354980	0.364278	0.359088	0.354803	0.209712	0.183724	0.358136	0.359572	0.349829	0.353699	0.350062	0.356855	0.356743	0.357709	0.363064	0.000000	0.360356	0.349862	0.212881	
0.249841	0.262421	0.264693	0.256149	0.255289	0.314248	0.315229	0.319366	0.313681	0.310192	0.255397	0.260075	0.303887	0.261259	0.318123	0.321562	0.323566	0.322144	0.299063	0.250148	0.255338	0.372715	0.248880	0.232703	0.233579	0.244048	0.275743	0.271119	0.242707	0.234446	0.236203	0.237806	0.275354	0.274712	0.398053	0.369522	0.232389	0.250285	0.265917	0.255565	0.268030	0.279860	0.234630	0.232105	0.220980	0.360356	0.000000	0.214244	0.387841	
0.252150	0.259526	0.275075	0.256535	0.263025	0.314420	0.315523	0.316942	0.311836	0.313737	0.253889	0.268293	0.301910	0.272316	0.318462	0.314001	0.318274	0.314005	0.294453	0.249162	0.261146	0.364666	0.245917	0.242080	0.257199	0.249291	0.285798	0.277204	0.247430	0.245063	0.233898	0.241747	0.267604	0.272705	0.386749	0.362783	0.235842	0.260931	0.263352	0.253555	0.279188	0.279924	0.242003	0.237426	0.238666	0.349862	0.214244	0.000000	0.379537	
0.380015	0.385864	0.387360	0.385248	0.388670	0.378392	0.381802	0.382489	0.388405	0.391826	0.387847	0.368599	0.388644	0.381778	0.397316	0.394493	0.394637	0.390948	0.386314	0.382109	0.375753	0.181832	0.387929	0.383542	0.379555	0.391742	0.371636	0.383659	0.382874	0.392055	0.383264	0.388556	0.378272	0.381612	0.168722	0.197620	0.388133	0.384954	0.389698	0.381747	0.379037	0.381428	0.386628	0.390494	0.395078	0.212881	0.387841	0.379537	0.000000	
