0.000000	0.295659	0.297526	0.308925	0.293110	0.299848	0.302696	0.302756	0.309820	0.298050	0.301815	0.302686	0.290286	0.303809	0.308416	0.299764	0.295293	0.296912	0.295894	0.301875	0.299658	0.302908	0.306201	0.298708	0.306424	0.322203	0.303141	0.305001	0.305995	0.303922	0.305838	0.286212	0.294641	0.295363	0.298688	0.294103	0.295393	0.290780	0.295592	0.271007	0.297235	0.299523	0.295211	0.316521	0.306928	0.318458	0.286879	0.306684	0.304462	0.307315	0.296994	0.306549	0.307702	0.308358	0.261162	0.294088	0.285399	0.285497	0.303027	0.304031	0.304059	0.313348	0.300464	0.294786	
0.295659	0.000000	0.302106	0.291410	0.291416	0.300450	0.302290	0.297230	0.303234	0.290792	0.303811	0.302173	0.287607	0.294546	0.311038	0.302043	0.302866	0.290223	0.291761	0.294575	0.307209	0.306643	0.301671	0.297846	0.306604	0.294430	0.292066	0.301318	0.293410	0.304973	0.306618	0.306716	0.290920	0.308506	0.297688	0.288317	0.294498	0.300996	0.294996	0.311998	0.292308	0.302076	0.294908	0.301797	0.292660	0.308099	0.292642	0.306130	0.301691	0.298895	0.301920	0.304871	0.294757	0.308503	0.290123	0.304730	0.293146	0.297461	0.295527	0.311336	0.304011	0.300832	0.301912	0.294812	
0.297526	0.302106	0.000000	0.291553	0.294749	0.299011	0.225483	0.310453	0.314115	0.299755	0.312806	0.303735	0.300889	0.305400	0.307077	0.315660	0.317264	0.299432	0.300245	0.310429	0.297156	0.308480	0.307544	0.305478	0.315262	0.313668	0.301249	0.311662	0.306733	0.303333	0.307460	0.307869	0.303414	0.314830	0.308236	0.310068	0.301813	0.311847	0.298366	0.305242	0.308381	0.311644	0.292331	0.311967	0.305363	0.320259	0.298455	0.307511	0.312227	0.298200	0.306406	0.308744	0.299917	0.310656	0.298528	0.302011	0.292730	0.301813	0.302907	0.301200	0.314219	0.307768	0.295088	0.297113	
0.308925	0.291410	0.291553	0.000000	0.297652	0.311328	0.306499	0.307392	0.303431	0.300944	0.297506	0.308271	0.305045	0.308041	0.308107	0.310373	0.301714	0.307019	0.303585	0.303346	0.302844	0.306612	0.309624	0.320518	0.313445	0.322045	0.311053	0.316329	0.307161	0.317750	0.303206	0.310983	0.303640	0.308161	0.310311	0.308550	0.303073	0.313442	0.312596	0.317903	0.307018	0.302826	0.303770	0.311970	0.312451	0.314025	0.304374	0.309672	0.309046	0.304081	0.306047	0.311645	0.300261	0.322759	0.314033	0.311607	0.299783	0.308060	0.303770	0.318796	0.308406	0.316670	0.302959	0.299364	
0.293110	0.291416	0.294749	0.297652	0.000000	0.293847	0.305073	0.304363	0.302773	0.300500	0.309158	0.311619	0.295574	0.309203	0.302633	0.311281	0.302308	0.299115	0.294481	0.308053	0.299591	0.301938	0.301947	0.297731	0.316612	0.319811	0.309021	0.307357	0.312104	0.306469	0.301124	0.298291	0.303682	0.296557	0.303493	0.300865	0.302185	0.301927	0.308337	0.308279	0.298939	0.305714	0.300052	0.303387	0.302545	0.306568	0.293262	0.305281	0.314230	0.301352	0.309183	0.306264	0.293566	0.306062	0.291281	0.299196	0.300483	0.298419	0.308813	0.306367	0.306567	0.307180	0.303565	0.295550	
0.299848	0.300450	0.299011	0.311328	0.293847	0.000000	0.299591	0.305741	0.313602	0.308366	0.304239	0.308005	0.305656	0.304301	0.309988	0.304293	0.305453	0.294398	0.297974	0.300597	0.301800	0.316344	0.309995	0.308283	0.316736	0.313878	0.310872	0.306010	0.307018	0.303860	0.299824	0.308343	0.300184	0.303638	0.299803	0.305160	0.305279	0.302567	0.310189	0.302971	0.304996	0.305037	0.297638	0.312477	0.304175	0.317052	0.297509	0.305310	0.313552	0.310029	0.306381	0.314196	0.304844	0.310478	0.310109	0.309920	0.293213	0.293574	0.282554	0.305612	0.306731	0.309916	0.283896	0.296601	
0.302696	0.302290	0.225483	0.306499	0.305073	0.299591	0.000000	0.314466	0.313321	0.301851	0.304071	0.316531	0.305051	0.301922	0.306157	0.315887	0.310867	0.309193	0.302378	0.306789	0.306454	0.316146	0.313367	0.305407	0.314521	0.305685	0.308566	0.316469	0.317139	0.307410	0.317952	0.302413	0.303593	0.311093	0.305384	0.315975	0.311256	0.309099	0.305893	0.307576	0.309783	0.302653	0.304003	0.309720	0.306627	0.308834	0.301229	0.315392	0.314954	0.300510	0.310107	0.313474	0.303787	0.318504	0.317067	0.312024	0.295873	0.298842	0.306988	0.309980	0.311386	0.309064	0.302633	0.303969	
0.302756	0.297230	0.310453	0.307392	0.304363	0.305741	0.314466	0.000000	0.317050	0.295327	0.296678	0.292442	0.297544	0.296318	0.304976	0.312492	0.298476	0.302858	0.295804	0.297104	0.297822	0.304864	0.320830	0.310899	0.312709	0.313590	0.306090	0.313362	0.317712	0.313880	0.306173	0.306995	0.289713	0.308118	0.310022	0.298860	0.307336	0.296808	0.296010	0.305069	0.313599	0.298081	0.295368	0.309890	0.315048	0.306678	0.298104	0.307587	0.302261	0.301931	0.302905	0.308780	0.300012	0.300187	0.301146	0.295153	0.295905	0.305131	0.306350	0.315922	0.313478	0.310545	0.304994	0.298123	
0.309820	0.303234	0.314115	0.303431	0.302773	0.313602	0.313321	0.317050	0.000000	0.289994	0.307492	0.304414	0.301755	0.298447	0.311095	0.318182	0.314515	0.303144	0.311074	0.297476	0.315468	0.303368	0.312393	0.304353	0.306450	0.304265	0.309391	0.309398	0.317765	0.318761	0.311732	0.314055	0.315145	0.307830	0.313799	0.309482	0.301295	0.313559	0.315466	0.309979	0.302435	0.315533	0.308471	0.312707	0.310989	0.302625	0.300368	0.309836	0.310585	0.314426	0.306952	0.304597	0.308764	0.307363	0.303977	0.308738	0.306299	0.304056	0.317705	0.320618	0.311625	0.298987	0.318171	0.310572	
0.298050	0.290792	0.299755	0.300944	0.300500	0.308366	0.301851	0.295327	0.289994	0.000000	0.294759	0.308521	0.301853	0.285899	0.302077	0.295860	0.298237	0.290903	0.292818	0.296260	0.301515	0.308094	0.309564	0.286496	0.301894	0.299239	0.305755	0.306975	0.301914	0.301172	0.300186	0.307252	0.285025	0.306297	0.304631	0.288281	0.294089	0.299895	0.288754	0.305312	0.305190	0.298054	0.299170	0.296471	0.295309	0.295957	0.297179	0.299510	0.306788	0.298362	0.307018	0.299715	0.288209	0.299291	0.294277	0.300822	0.295012	0.282782	0.308767	0.303026	0.305185	0.310405	0.304445	0.294860	
0.301815	0.303811	0.312806	0.297506	0.309158	0.304239	0.304071	0.296678	0.307492	0.294759	0.000000	0.304304	0.307312	0.232974	0.300702	0.302568	0.307146	0.300617	0.304325	0.300789	0.297676	0.302170	0.309295	0.301139	0.309649	0.271458	0.303736	0.304411	0.307425	0.303046	0.292661	0.292395	0.293836	0.305628	0.306348	0.304832	0.300027	0.312177	0.316129	0.299004	0.302027	0.305291	0.294765	0.306414	0.308506	0.309536	0.306670	0.317818	0.309424	0.306433	0.297903	0.308176	0.312071	0.306580	0.304365	0.287788	0.296116	0.296214	0.297872	0.307248	0.303271	0.312637	0.293153	0.300775	
0.302686	0.302173	0.303735	0.308271	0.311619	0.308005	0.316531	0.292442	0.304414	0.308521	0.304304	0.000000	0.305747	0.306619	0.320529	0.310340	0.299640	0.304050	0.298602	0.305548	0.300504	0.300427	0.315812	0.305299	0.314957	0.313440	0.311194	0.306309	0.328711	0.307639	0.311567	0.295178	0.297674	0.312769	0.315768	0.304893	0.305916	0.302814	0.300427	0.309494	0.310009	0.293364	0.285246	0.316312	0.313151	0.318750	0.310431	0.310886	0.303144	0.308762	0.293939	0.306514	0.311236	0.307192	0.307926	0.306111	0.310459	0.307015	0.308061	0.315239	0.304480	0.300739	0.302577	0.306157	
0.290286	0.287607	0.300889	0.305045	0.295574	0.305656	0.305051	0.297544	0.301755	0.301853	0.307312	0.305747	0.000000	0.296178	0.310902	0.299490	0.302095	0.291905	0.274729	0.301570	0.297178	0.306102	0.310416	0.302783	0.298162	0.311055	0.302285	0.299545	0.315619	0.301553	0.305337	0.294505	0.287059	0.300854	0.296763	0.298506	0.298220	0.302852	0.283719	0.306665	0.287377	0.305055	0.301894	0.298587	0.302894	0.305413	0.289511	0.304414	0.305719	0.297243	0.300597	0.298539	0.293112	0.308047	0.297606	0.299311	0.290168	0.291781	0.293662	0.297575	0.299268	0.301672	0.299161	0.299452	
0.303809	0.294546	0.305400	0.308041	0.309203	0.304301	0.301922	0.296318	0.298447	0.285899	0.232974	0.306619	0.296178	0.000000	0.300973	0.301440	0.295671	0.287532	0.290330	0.289715	0.297860	0.294103	0.308030	0.308096	0.308009	0.283812	0.299098	0.295840	0.309507	0.292035	0.289826	0.289627	0.282601	0.300392	0.307981	0.301022	0.292581	0.308152	0.291254	0.298089	0.289803	0.303767	0.292727	0.309196	0.297396	0.306633	0.296833	0.305663	0.306719	0.305091	0.297268	0.301878	0.296425	0.305900	0.297950	0.293303	0.298502	0.285987	0.309217	0.297211	0.297724	0.300773	0.293451	0.295552	
0.308416	0.311038	0.307077	0.308107	0.302633	0.309988	0.306157	0.304976	0.311095	0.302077	0.300702	0.320529	0.310902	0.300973	0.000000	0.320476	0.305977	0.307105	0.312920	0.310770	0.308403	0.308913	0.311216	0.307301	0.311889	0.314335	0.307065	0.312179	0.324225	0.314154	0.314476	0.311994	0.308957	0.313673	0.314427	0.309113	0.316908	0.314624	0.306013	0.316592	0.305122	0.323298	0.308854	0.309475	0.312055	0.302393	0.303892	0.310906	0.315378	0.295652	0.318157	0.298646	0.300511	0.316456	0.315050	0.312246	0.306788	0.308967	0.309296	0.319232	0.316873	0.319741	0.311988	0.299612	
0.299764	0.302043	0.315660	0.310373	0.311281	0.304293	0.315887	0.312492	0.318182	0.295860	0.302568	0.310340	0.299490	0.301440	0.320476	0.000000	0.299583	0.297909	0.296956	0.300960	0.298345	0.309670	0.300472	0.297514	0.312711	0.306970	0.312516	0.301537	0.304808	0.304223	0.300710	0.306547	0.297465	0.317216	0.309786	0.300667	0.304825	0.283531	0.319906	0.295567	0.302208	0.305370	0.300678	0.310537	0.303302	0.318984	0.296757	0.307378	0.311860	0.308932	0.303769	0.301974	0.313923	0.298350	0.311935	0.306919	0.294804	0.286448	0.298740	0.310883	0.304504	0.306223	0.295573	0.301950	
0.295293	0.302866	0.317264	0.301714	0.302308	0.305453	0.310867	0.298476	0.314515	0.298237	0.307146	0.299640	0.302095	0.295671	0.305977	0.299583	0.000000	0.299739	0.292300	0.294839	0.295833	0.304313	0.309243	0.310988	0.308551	0.310799	0.310094	0.305863	0.304145	0.310349	0.307660	0.301735	0.297318	0.301418	0.299719	0.302955	0.295802	0.295280	0.300877	0.308012	0.316718	0.297638	0.299637	0.308577	0.302866	0.309827	0.294967	0.301619	0.306442	0.315279	0.298320	0.312776	0.301509	0.304223	0.311336	0.301354	0.288212	0.293657	0.301221	0.309357	0.312633	0.315148	0.304146	0.306218	
0.296912	0.290223	0.299432	0.307019	0.299115	0.294398	0.309193	0.302858	0.303144	0.290903	0.300617	0.304050	0.291905	0.287532	0.307105	0.297909	0.299739	0.000000	0.295783	0.283428	0.288607	0.282142	0.296153	0.303470	0.307312	0.304604	0.302200	0.304059	0.306377	0.298709	0.301500	0.306420	0.295628	0.300153	0.299856	0.298335	0.302195	0.295209	0.283304	0.300163	0.296987	0.307771	0.302505	0.293534	0.306249	0.302934	0.289836	0.311355	0.306682	0.300999	0.308711	0.307520	0.306817	0.308620	0.308230	0.301701	0.295068	0.292140	0.295647	0.301729	0.307944	0.311243	0.302793	0.298587	
0.295894	0.291761	0.300245	0.303585	0.294481	0.297974	0.302378	0.295804	0.311074	0.292818	0.304325	0.298602	0.274729	0.290330	0.312920	0.296956	0.292300	0.295783	0.000000	0.282688	0.299821	0.301616	0.304854	0.301203	0.302138	0.317990	0.308972	0.296748	0.305085	0.303306	0.302914	0.298517	0.284373	0.304399	0.291908	0.301608	0.293945	0.299591	0.294476	0.297419	0.281522	0.298909	0.297318	0.305605	0.299504	0.309244	0.296370	0.298032	0.296139	0.296586	0.299691	0.308204	0.306452	0.309353	0.300916	0.302724	0.286954	0.297165	0.279149	0.297358	0.304358	0.296393	0.296057	0.306348	
0.301875	0.294575	0.310429	0.303346	0.308053	0.300597	0.306789	0.297104	0.297476	0.296260	0.300789	0.305548	0.301570	0.289715	0.310770	0.300960	0.294839	0.283428	0.282688	0.000000	0.308436	0.309160	0.310974	0.301008	0.304582	0.311337	0.304398	0.305245	0.302116	0.309102	0.305548	0.307984	0.302000	0.312123	0.311576	0.303260	0.298566	0.294432	0.284086	0.310282	0.293519	0.311827	0.300013	0.309544	0.308307	0.313965	0.292513	0.308563	0.301674	0.307134	0.306485	0.304928	0.303749	0.304300	0.307702	0.302244	0.293931	0.293361	0.296314	0.313938	0.313761	0.301845	0.292504	0.307730	
0.299658	0.307209	0.297156	0.302844	0.299591	0.301800	0.306454	0.297822	0.315468	0.301515	0.297676	0.300504	0.297178	0.297860	0.308403	0.298345	0.295833	0.288607	0.299821	0.308436	0.000000	0.294012	0.310786	0.294878	0.295231	0.310964	0.315842	0.313433	0.300127	0.302420	0.296540	0.285133	0.281973	0.296670	0.301166	0.302525	0.293738	0.297910	0.306409	0.292446	0.297974	0.306561	0.298637	0.296698	0.312395	0.292234	0.298790	0.305915	0.308300	0.315384	0.310684	0.310200	0.303111	0.299282	0.296627	0.287980	0.292638	0.285662	0.289721	0.300841	0.302693	0.304172	0.287832	0.298288	
0.302908	0.306643	0.308480	0.306612	0.301938	0.316344	0.316146	0.304864	0.303368	0.308094	0.302170	0.300427	0.306102	0.294103	0.308913	0.309670	0.304313	0.282142	0.301616	0.309160	0.294012	0.000000	0.308337	0.300745	0.317301	0.303950	0.310734	0.318253	0.307241	0.310177	0.307045	0.284964	0.297648	0.305228	0.309980	0.307292	0.298681	0.297287	0.308601	0.309115	0.298701	0.310388	0.299658	0.315219	0.310212	0.313683	0.304415	0.304342	0.312223	0.307752	0.304148	0.307584	0.303442	0.310680	0.301642	0.300625	0.307195	0.293177	0.305510	0.302630	0.309618	0.318510	0.301573	0.309119	
0.306201	0.301671	0.307544	0.309624	0.301947	0.309995	0.313367	0.320830	0.312393	0.309564	0.309295	0.315812	0.310416	0.308030	0.311216	0.300472	0.309243	0.296153	0.304854	0.310974	0.310786	0.308337	0.000000	0.312218	0.314162	0.313420	0.294920	0.316832	0.315169	0.303397	0.303615	0.309020	0.307368	0.308331	0.309592	0.301406	0.304419	0.317035	0.278976	0.310563	0.294690	0.310456	0.311966	0.315303	0.304104	0.317579	0.301779	0.306408	0.304018	0.300379	0.311963	0.298935	0.304278	0.317811	0.309420	0.315639	0.295026	0.310290	0.306826	0.303790	0.318475	0.320590	0.310278	0.307513	
0.298708	0.297846	0.305478	0.320518	0.297731	0.308283	0.305407	0.310899	0.304353	0.286496	0.301139	0.305299	0.302783	0.308096	0.307301	0.297514	0.310988	0.303470	0.301203	0.301008	0.294878	0.300745	0.312218	0.000000	0.311063	0.304828	0.314857	0.310908	0.314422	0.292217	0.309907	0.303286	0.304348	0.302522	0.299400	0.299600	0.296938	0.300472	0.310236	0.305199	0.310694	0.317428	0.313366	0.305897	0.302437	0.311894	0.299792	0.312257	0.309712	0.309985	0.318055	0.298859	0.302073	0.309259	0.304057	0.304971	0.295532	0.294060	0.304406	0.281809	0.303208	0.301454	0.304173	0.305235	
0.306424	0.306604	0.315262	0.313445	0.316612	0.316736	0.314521	0.312709	0.306450	0.301894	0.309649	0.314957	0.298162	0.308009	0.311889	0.312711	0.308551	0.307312	0.302138	0.304582	0.295231	0.317301	0.314162	0.311063	0.000000	0.317025	0.311998	0.291387	0.308739	0.318142	0.309129	0.308190	0.292218	0.305664	0.306882	0.311853	0.307087	0.311972	0.306094	0.314575	0.309327	0.317600	0.309647	0.264468	0.308088	0.281603	0.303121	0.309962	0.312345	0.309691	0.312913	0.302729	0.305063	0.310936	0.305891	0.316711	0.312103	0.309854	0.310118	0.316887	0.298438	0.308107	0.308559	0.301915	
0.322203	0.294430	0.313668	0.322045	0.319811	0.313878	0.305685	0.313590	0.304265	0.299239	0.271458	0.313440	0.311055	0.283812	0.314335	0.306970	0.310799	0.304604	0.317990	0.311337	0.310964	0.303950	0.313420	0.304828	0.317025	0.000000	0.313557	0.315150	0.308057	0.305892	0.309007	0.306392	0.296872	0.310946	0.311974	0.302086	0.315454	0.311776	0.344512	0.309400	0.309311	0.317286	0.301580	0.315990	0.311674	0.307856	0.312367	0.316560	0.318505	0.317491	0.310297	0.322892	0.308903	0.314079	0.296131	0.307808	0.313326	0.307299	0.306217	0.329771	0.310880	0.321918	0.309742	0.308560	
0.303141	0.292066	0.301249	0.311053	0.309021	0.310872	0.308566	0.306090	0.309391	0.305755	0.303736	0.311194	0.302285	0.299098	0.307065	0.312516	0.310094	0.302200	0.308972	0.304398	0.315842	0.310734	0.294920	0.314857	0.311998	0.313557	0.000000	0.307808	0.314057	0.309677	0.311161	0.320743	0.308410	0.303970	0.306344	0.304150	0.308604	0.322763	0.302401	0.291938	0.294366	0.305230	0.300852	0.312169	0.311445	0.312967	0.298613	0.304743	0.307704	0.306834	0.303972	0.297545	0.304907	0.320573	0.302978	0.316296	0.308291	0.311445	0.310977	0.311973	0.306029	0.309524	0.300383	0.302921	
0.305001	0.301318	0.311662	0.316329	0.307357	0.306010	0.316469	0.313362	0.309398	0.306975	0.304411	0.306309	0.299545	0.295840	0.312179	0.301537	0.305863	0.304059	0.296748	0.305245	0.313433	0.318253	0.316832	0.310908	0.291387	0.315150	0.307808	0.000000	0.320744	0.307277	0.301363	0.311554	0.301603	0.291842	0.300086	0.300825	0.297732	0.318956	0.295861	0.307359	0.301415	0.306304	0.301703	0.310877	0.306358	0.302157	0.299832	0.313770	0.308373	0.309925	0.301833	0.311986	0.308908	0.322360	0.312552	0.312224	0.294404	0.300315	0.307518	0.317042	0.306707	0.311432	0.304436	0.297921	
0.305995	0.293410	0.306733	0.307161	0.312104	0.307018	0.317139	0.317712	0.317765	0.301914	0.307425	0.328711	0.315619	0.309507	0.324225	0.304808	0.304145	0.306377	0.305085	0.302116	0.300127	0.307241	0.315169	0.314422	0.308739	0.308057	0.314057	0.320744	0.000000	0.313320	0.288741	0.317822	0.304380	0.306765	0.296647	0.317817	0.234949	0.318887	0.305242	0.308343	0.306212	0.318222	0.308991	0.317196	0.304762	0.327990	0.294149	0.307345	0.302899	0.312127	0.314348	0.304057	0.317171	0.323218	0.308686	0.310885	0.298764	0.300360	0.292330	0.306092	0.288817	0.306409	0.303423	0.305039	
0.303922	0.304973	0.303333	0.317750	0.306469	0.303860	0.307410	0.313880	0.318761	0.301172	0.303046	0.307639	0.301553	0.292035	0.314154	0.304223	0.310349	0.298709	0.303306	0.309102	0.302420	0.310177	0.303397	0.292217	0.318142	0.305892	0.309677	0.307277	0.313320	0.000000	0.303838	0.299004	0.293869	0.298156	0.289656	0.309417	0.292071	0.313714	0.306892	0.305832	0.298422	0.309794	0.301826	0.307756	0.307720	0.313298	0.288416	0.300276	0.304272	0.307244	0.302744	0.312336	0.305976	0.309837	0.305427	0.308708	0.294422	0.302083	0.305769	0.236032	0.308111	0.308820	0.299716	0.304062	
0.305838	0.306618	0.307460	0.303206	0.301124	0.299824	0.317952	0.306173	0.311732	0.300186	0.292661	0.311567	0.305337	0.289826	0.314476	0.300710	0.307660	0.301500	0.302914	0.305548	0.296540	0.307045	0.303615	0.309907	0.309129	0.309007	0.311161	0.301363	0.288741	0.303838	0.000000	0.301816	0.294419	0.303662	0.289847	0.308987	0.292550	0.307571	0.299057	0.291450	0.298668	0.305646	0.300748	0.309742	0.309470	0.311126	0.294110	0.313402	0.301418	0.301386	0.300388	0.308959	0.313409	0.309422	0.311294	0.308476	0.293817	0.299330	0.296267	0.307602	0.291330	0.314906	0.293422	0.309795	
0.286212	0.306716	0.307869	0.310983	0.298291	0.308343	0.302413	0.306995	0.314055	0.307252	0.292395	0.295178	0.294505	0.289627	0.311994	0.306547	0.301735	0.306420	0.298517	0.307984	0.285133	0.284964	0.309020	0.303286	0.308190	0.306392	0.320743	0.311554	0.317822	0.299004	0.301816	0.000000	0.283026	0.310734	0.302203	0.295455	0.309112	0.287459	0.302964	0.294819	0.303326	0.300286	0.301272	0.311412	0.303847	0.313067	0.299502	0.297488	0.304745	0.311146	0.302477	0.313552	0.309842	0.295202	0.296418	0.280223	0.295506	0.292406	0.287618	0.294850	0.306972	0.310706	0.280443	0.306870	
0.294641	0.290920	0.303414	0.303640	0.303682	0.300184	0.303593	0.289713	0.315145	0.285025	0.293836	0.297674	0.287059	0.282601	0.308957	0.297465	0.297318	0.295628	0.284373	0.302000	0.281973	0.297648	0.307368	0.304348	0.292218	0.296872	0.308410	0.301603	0.304380	0.293869	0.294419	0.283026	0.000000	0.298798	0.296081	0.290361	0.289819	0.286536	0.282695	0.292198	0.280439	0.309069	0.301894	0.309825	0.304775	0.313358	0.290252	0.302712	0.300998	0.301295	0.305106	0.304712	0.301721	0.295064	0.293296	0.283077	0.289087	0.283952	0.297550	0.297467	0.296091	0.309484	0.286939	0.307936	
0.295363	0.308506	0.314830	0.308161	0.296557	0.303638	0.311093	0.308118	0.307830	0.306297	0.305628	0.312769	0.300854	0.300392	0.313673	0.317216	0.301418	0.300153	0.304399	0.312123	0.296670	0.305228	0.308331	0.302522	0.305664	0.310946	0.303970	0.291842	0.306765	0.298156	0.303662	0.310734	0.298798	0.000000	0.288354	0.307938	0.298838	0.308119	0.309283	0.303085	0.290536	0.314362	0.308384	0.317212	0.305000	0.317523	0.293237	0.301356	0.316203	0.309447	0.312508	0.314815	0.308710	0.318987	0.305747	0.310060	0.294869	0.305990	0.298511	0.279780	0.264573	0.308893	0.297676	0.304468	
0.298688	0.297688	0.308236	0.310311	0.303493	0.299803	0.305384	0.310022	0.313799	0.304631	0.306348	0.315768	0.296763	0.307981	0.314427	0.309786	0.299719	0.299856	0.291908	0.311576	0.301166	0.309980	0.309592	0.299400	0.306882	0.311974	0.306344	0.300086	0.296647	0.289656	0.289847	0.302203	0.296081	0.288354	0.000000	0.308880	0.292410	0.297210	0.295082	0.298988	0.286421	0.299030	0.294931	0.313014	0.305066	0.318481	0.286753	0.301561	0.306076	0.308601	0.303300	0.309768	0.315434	0.311849	0.306957	0.296182	0.290408	0.289335	0.288274	0.283147	0.290455	0.307029	0.290299	0.302237	
0.294103	0.288317	0.310068	0.308550	0.300865	0.305160	0.315975	0.298860	0.309482	0.288281	0.304832	0.304893	0.298506	0.301022	0.309113	0.300667	0.302955	0.298335	0.301608	0.303260	0.302525	0.307292	0.301406	0.299600	0.311853	0.302086	0.304150	0.300825	0.317817	0.309417	0.308987	0.295455	0.290361	0.307938	0.308880	0.000000	0.300086	0.292256	0.306626	0.309121	0.310357	0.305986	0.306203	0.313725	0.306693	0.310071	0.297609	0.309643	0.299691	0.310541	0.309662	0.307528	0.299988	0.311962	0.303372	0.304118	0.297813	0.308443	0.306206	0.311896	0.311404	0.310717	0.306795	0.312337	
0.295393	0.294498	0.301813	0.303073	0.302185	0.305279	0.311256	0.307336	0.301295	0.294089	0.300027	0.305916	0.298220	0.292581	0.316908	0.304825	0.295802	0.302195	0.293945	0.298566	0.293738	0.298681	0.304419	0.296938	0.307087	0.315454	0.308604	0.297732	0.234949	0.292071	0.292550	0.309112	0.289819	0.298838	0.292410	0.300086	0.000000	0.302085	0.291741	0.306870	0.287472	0.305596	0.309993	0.308721	0.302687	0.317236	0.286398	0.297894	0.301647	0.305809	0.304088	0.300222	0.300099	0.313655	0.306215	0.300364	0.294606	0.285928	0.303598	0.289497	0.283346	0.262321	0.298427	0.296503	
0.290780	0.300996	0.311847	0.313442	0.301927	0.302567	0.309099	0.296808	0.313559	0.299895	0.312177	0.302814	0.302852	0.308152	0.314624	0.283531	0.295280	0.295209	0.299591	0.294432	0.297910	0.297287	0.317035	0.300472	0.311972	0.311776	0.322763	0.318956	0.318887	0.313714	0.307571	0.287459	0.286536	0.308119	0.297210	0.292256	0.302085	0.000000	0.300563	0.303072	0.309301	0.295910	0.301537	0.313298	0.312765	0.306656	0.293545	0.308500	0.309322	0.314022	0.297207	0.308930	0.306450	0.295818	0.301148	0.265164	0.292022	0.293601	0.296922	0.302098	0.309803	0.312345	0.284326	0.312507	
0.295592	0.294996	0.298366	0.312596	0.308337	0.310189	0.305893	0.296010	0.315466	0.288754	0.316129	0.300427	0.283719	0.291254	0.306013	0.319906	0.300877	0.283304	0.294476	0.284086	0.306409	0.308601	0.278976	0.310236	0.306094	0.344512	0.302401	0.295861	0.305242	0.306892	0.299057	0.302964	0.282695	0.309283	0.295082	0.306626	0.291741	0.300563	0.000000	0.314571	0.263461	0.292164	0.302986	0.310976	0.302700	0.310240	0.294067	0.298507	0.294490	0.302924	0.302985	0.307726	0.292876	0.328502	0.309139	0.308231	0.288366	0.316092	0.315265	0.304883	0.307625	0.311038	0.308947	0.297640	
0.271007	0.311998	0.305242	0.317903	0.308279	0.302971	0.307576	0.305069	0.309979	0.305312	0.299004	0.309494	0.306665	0.298089	0.316592	0.295567	0.308012	0.300163	0.297419	0.310282	0.292446	0.309115	0.310563	0.305199	0.314575	0.309400	0.291938	0.307359	0.308343	0.305832	0.291450	0.294819	0.292198	0.303085	0.298988	0.309121	0.306870	0.303072	0.314571	0.000000	0.294220	0.309262	0.301876	0.314345	0.312241	0.318893	0.303414	0.309476	0.317679	0.317161	0.306352	0.314230	0.312300	0.302434	0.276788	0.303001	0.300747	0.289190	0.293306	0.308591	0.303797	0.313397	0.290802	0.307671	
0.297235	0.292308	0.308381	0.307018	0.298939	0.304996	0.309783	0.313599	0.302435	0.305190	0.302027	0.310009	0.287377	0.289803	0.305122	0.302208	0.316718	0.296987	0.281522	0.293519	0.297974	0.298701	0.294690	0.310694	0.309327	0.309311	0.294366	0.301415	0.306212	0.298422	0.298668	0.303326	0.280439	0.290536	0.286421	0.310357	0.287472	0.309301	0.263461	0.294220	0.000000	0.303438	0.297751	0.303811	0.311434	0.319374	0.287410	0.295675	0.296654	0.304269	0.290362	0.304109	0.297168	0.310998	0.304189	0.302762	0.283296	0.298682	0.298518	0.280391	0.295570	0.311653	0.303441	0.290630	
0.299523	0.302076	0.311644	0.302826	0.305714	0.305037	0.302653	0.298081	0.315533	0.298054	0.305291	0.293364	0.305055	0.303767	0.323298	0.305370	0.297638	0.307771	0.298909	0.311827	0.306561	0.310388	0.310456	0.317428	0.317600	0.317286	0.305230	0.306304	0.318222	0.309794	0.305646	0.300286	0.309069	0.314362	0.299030	0.305986	0.305596	0.295910	0.292164	0.309262	0.303438	0.000000	0.212057	0.313687	0.315034	0.313030	0.298880	0.305241	0.313802	0.317786	0.208814	0.315312	0.306676	0.305774	0.303062	0.297141	0.300084	0.299451	0.305610	0.312517	0.310090	0.302595	0.295150	0.298860	
0.295211	0.294908	0.292331	0.303770	0.300052	0.297638	0.304003	0.295368	0.308471	0.299170	0.294765	0.285246	0.301894	0.292727	0.308854	0.300678	0.299637	0.302505	0.297318	0.300013	0.298637	0.299658	0.311966	0.313366	0.309647	0.301580	0.300852	0.301703	0.308991	0.301826	0.300748	0.301272	0.301894	0.308384	0.294931	0.306203	0.309993	0.301537	0.302986	0.301876	0.297751	0.212057	0.000000	0.311142	0.309897	0.315932	0.289653	0.303096	0.301446	0.311461	0.205767	0.303797	0.296739	0.295577	0.303592	0.297357	0.294851	0.292178	0.299796	0.305688	0.300615	0.302319	0.292292	0.291430	
0.316521	0.301797	0.311967	0.311970	0.303387	0.312477	0.309720	0.309890	0.312707	0.296471	0.306414	0.316312	0.298587	0.309196	0.309475	0.310537	0.308577	0.293534	0.305605	0.309544	0.296698	0.315219	0.315303	0.305897	0.264468	0.315990	0.312169	0.310877	0.317196	0.307756	0.309742	0.311412	0.309825	0.317212	0.313014	0.313725	0.308721	0.313298	0.310976	0.314345	0.303811	0.313687	0.311142	0.000000	0.298675	0.202399	0.304081	0.314016	0.303409	0.307601	0.318594	0.307647	0.300704	0.306358	0.312124	0.315358	0.302952	0.311233	0.314734	0.321800	0.313185	0.314720	0.311814	0.303283	
0.306928	0.292660	0.305363	0.312451	0.302545	0.304175	0.306627	0.315048	0.310989	0.295309	0.308506	0.313151	0.302894	0.297396	0.312055	0.303302	0.302866	0.306249	0.299504	0.308307	0.312395	0.310212	0.304104	0.302437	0.308088	0.311674	0.311445	0.306358	0.304762	0.307720	0.309470	0.303847	0.304775	0.305000	0.305066	0.306693	0.302687	0.312765	0.302700	0.312241	0.311434	0.315034	0.309897	0.298675	0.000000	0.297101	0.298244	0.272545	0.302216	0.297139	0.315124	0.306288	0.296763	0.312018	0.307338	0.309512	0.299877	0.304963	0.305588	0.309376	0.299337	0.309580	0.315977	0.291906	
0.318458	0.308099	0.320259	0.314025	0.306568	0.317052	0.308834	0.306678	0.302625	0.295957	0.309536	0.318750	0.305413	0.306633	0.302393	0.318984	0.309827	0.302934	0.309244	0.313965	0.292234	0.313683	0.317579	0.311894	0.281603	0.307856	0.312967	0.302157	0.327990	0.313298	0.311126	0.313067	0.313358	0.317523	0.318481	0.310071	0.317236	0.306656	0.310240	0.318893	0.319374	0.313030	0.315932	0.202399	0.297101	0.000000	0.308752	0.317048	0.306761	0.305154	0.315990	0.306052	0.299518	0.307986	0.311846	0.312196	0.310874	0.314516	0.316949	0.321842	0.313735	0.310497	0.310349	0.307480	
0.286879	0.292642	0.298455	0.304374	0.293262	0.297509	0.301229	0.298104	0.300368	0.297179	0.306670	0.310431	0.289511	0.296833	0.303892	0.296757	0.294967	0.289836	0.296370	0.292513	0.298790	0.304415	0.301779	0.299792	0.303121	0.312367	0.298613	0.299832	0.294149	0.288416	0.294110	0.299502	0.290252	0.293237	0.286753	0.297609	0.286398	0.293545	0.294067	0.303414	0.287410	0.298880	0.289653	0.304081	0.298244	0.308752	0.000000	0.302005	0.305759	0.296151	0.299581	0.299440	0.299174	0.309121	0.300401	0.296444	0.290842	0.293603	0.291118	0.288453	0.287718	0.305959	0.286863	0.300238	
0.306684	0.306130	0.307511	0.309672	0.305281	0.305310	0.315392	0.307587	0.309836	0.299510	0.317818	0.310886	0.304414	0.305663	0.310906	0.307378	0.301619	0.311355	0.298032	0.308563	0.305915	0.304342	0.306408	0.312257	0.309962	0.316560	0.304743	0.313770	0.307345	0.300276	0.313402	0.297488	0.302712	0.301356	0.301561	0.309643	0.297894	0.308500	0.298507	0.309476	0.295675	0.305241	0.303096	0.314016	0.272545	0.317048	0.302005	0.000000	0.293895	0.309518	0.301630	0.304238	0.299745	0.307024	0.303863	0.300321	0.300249	0.299987	0.305388	0.311173	0.301297	0.311206	0.303888	0.301966	
0.304462	0.301691	0.312227	0.309046	0.314230	0.313552	0.314954	0.302261	0.310585	0.306788	0.309424	0.303144	0.305719	0.306719	0.315378	0.311860	0.306442	0.306682	0.296139	0.301674	0.308300	0.312223	0.304018	0.309712	0.312345	0.318505	0.307704	0.308373	0.302899	0.304272	0.301418	0.304745	0.300998	0.316203	0.306076	0.299691	0.301647	0.309322	0.294490	0.317679	0.296654	0.313802	0.301446	0.303409	0.302216	0.306761	0.305759	0.293895	0.000000	0.308328	0.302451	0.304154	0.308896	0.308203	0.315456	0.303247	0.303328	0.315134	0.320334	0.290825	0.308100	0.320675	0.304149	0.303852	
0.307315	0.298895	0.298200	0.304081	0.301352	0.310029	0.300510	0.301931	0.314426	0.298362	0.306433	0.308762	0.297243	0.305091	0.295652	0.308932	0.315279	0.300999	0.296586	0.307134	0.315384	0.307752	0.300379	0.309985	0.309691	0.317491	0.306834	0.309925	0.312127	0.307244	0.301386	0.311146	0.301295	0.309447	0.308601	0.310541	0.305809	0.314022	0.302924	0.317161	0.304269	0.317786	0.311461	0.307601	0.297139	0.305154	0.296151	0.309518	0.308328	0.000000	0.308770	0.292671	0.292932	0.312962	0.307282	0.313673	0.313158	0.313652	0.306900	0.310018	0.306057	0.306310	0.305324	0.294879	
0.296994	0.301920	0.306406	0.306047	0.309183	0.306381	0.310107	0.302905	0.306952	0.307018	0.297903	0.293939	0.300597	0.297268	0.318157	0.303769	0.298320	0.308711	0.299691	0.306485	0.310684	0.304148	0.311963	0.318055	0.312913	0.310297	0.303972	0.301833	0.314348	0.302744	0.300388	0.302477	0.305106	0.312508	0.303300	0.309662	0.304088	0.297207	0.302985	0.306352	0.290362	0.208814	0.205767	0.318594	0.315124	0.315990	0.299581	0.301630	0.302451	0.308770	0.000000	0.311093	0.305143	0.301136	0.302363	0.300440	0.294861	0.304798	0.303564	0.307935	0.303924	0.301700	0.297803	0.295963	
0.306549	0.304871	0.308744	0.311645	0.306264	0.314196	0.313474	0.308780	0.304597	0.299715	0.308176	0.306514	0.298539	0.301878	0.298646	0.301974	0.312776	0.307520	0.308204	0.304928	0.310200	0.307584	0.298935	0.298859	0.302729	0.322892	0.297545	0.311986	0.304057	0.312336	0.308959	0.313552	0.304712	0.314815	0.309768	0.307528	0.300222	0.308930	0.307726	0.314230	0.304109	0.315312	0.303797	0.307647	0.306288	0.306052	0.299440	0.304238	0.304154	0.292671	0.311093	0.000000	0.288408	0.313803	0.311285	0.315494	0.309368	0.308536	0.311782	0.319687	0.312336	0.308147	0.304689	0.304963	
0.307702	0.294757	0.299917	0.300261	0.293566	0.304844	0.303787	0.300012	0.308764	0.288209	0.312071	0.311236	0.293112	0.296425	0.300511	0.313923	0.301509	0.306817	0.306452	0.303749	0.303111	0.303442	0.304278	0.302073	0.305063	0.308903	0.304907	0.308908	0.317171	0.305976	0.313409	0.309842	0.301721	0.308710	0.315434	0.299988	0.300099	0.306450	0.292876	0.312300	0.297168	0.306676	0.296739	0.300704	0.296763	0.299518	0.299174	0.299745	0.308896	0.292932	0.305143	0.288408	0.000000	0.305878	0.306675	0.307137	0.304798	0.308809	0.306822	0.309797	0.298038	0.306285	0.305825	0.303455	
0.308358	0.308503	0.310656	0.322759	0.306062	0.310478	0.318504	0.300187	0.307363	0.299291	0.306580	0.307192	0.308047	0.305900	0.316456	0.298350	0.304223	0.308620	0.309353	0.304300	0.299282	0.310680	0.317811	0.309259	0.310936	0.314079	0.320573	0.322360	0.323218	0.309837	0.309422	0.295202	0.295064	0.318987	0.311849	0.311962	0.313655	0.295818	0.328502	0.302434	0.310998	0.305774	0.295577	0.306358	0.312018	0.307986	0.309121	0.307024	0.308203	0.312962	0.301136	0.313803	0.305878	0.000000	0.306956	0.228823	0.299251	0.294075	0.308190	0.313418	0.317090	0.306522	0.302474	0.304410	
0.261162	0.290123	0.298528	0.314033	0.291281	0.310109	0.317067	0.301146	0.303977	0.294277	0.304365	0.307926	0.297606	0.297950	0.315050	0.311935	0.311336	0.308230	0.300916	0.307702	0.296627	0.301642	0.309420	0.304057	0.305891	0.296131	0.302978	0.312552	0.308686	0.305427	0.311294	0.296418	0.293296	0.305747	0.306957	0.303372	0.306215	0.301148	0.309139	0.276788	0.304189	0.303062	0.303592	0.312124	0.307338	0.311846	0.300401	0.303863	0.315456	0.307282	0.302363	0.311285	0.306675	0.306956	0.000000	0.295034	0.300932	0.288319	0.309281	0.306424	0.312021	0.300323	0.305631	0.310685	
0.294088	0.304730	0.302011	0.311607	0.299196	0.309920	0.312024	0.295153	0.308738	0.300822	0.287788	0.306111	0.299311	0.293303	0.312246	0.306919	0.301354	0.301701	0.302724	0.302244	0.287980	0.300625	0.315639	0.304971	0.316711	0.307808	0.316296	0.312224	0.310885	0.308708	0.308476	0.280223	0.283077	0.310060	0.296182	0.304118	0.300364	0.265164	0.308231	0.303001	0.302762	0.297141	0.297357	0.315358	0.309512	0.312196	0.296444	0.300321	0.303247	0.313673	0.300440	0.315494	0.307137	0.228823	0.295034	0.000000	0.291844	0.285435	0.292788	0.304348	0.317055	0.299260	0.284867	0.303578	
0.285399	0.293146	0.292730	0.299783	0.300483	0.293213	0.295873	0.295905	0.306299	0.295012	0.296116	0.310459	0.290168	0.298502	0.306788	0.294804	0.288212	0.295068	0.286954	0.293931	0.292638	0.307195	0.295026	0.295532	0.312103	0.313326	0.308291	0.294404	0.298764	0.294422	0.293817	0.295506	0.289087	0.294869	0.290408	0.297813	0.294606	0.292022	0.288366	0.300747	0.283296	0.300084	0.294851	0.302952	0.299877	0.310874	0.290842	0.300249	0.303328	0.313158	0.294861	0.309368	0.304798	0.299251	0.300932	0.291844	0.000000	0.263524	0.289570	0.288074	0.299828	0.298932	0.295346	0.298120	
0.285497	0.297461	0.301813	0.308060	0.298419	0.293574	0.298842	0.305131	0.304056	0.282782	0.296214	0.307015	0.291781	0.285987	0.308967	0.286448	0.293657	0.292140	0.297165	0.293361	0.285662	0.293177	0.310290	0.294060	0.309854	0.307299	0.311445	0.300315	0.300360	0.302083	0.299330	0.292406	0.283952	0.305990	0.289335	0.308443	0.285928	0.293601	0.316092	0.289190	0.298682	0.299451	0.292178	0.311233	0.304963	0.314516	0.293603	0.299987	0.315134	0.313652	0.304798	0.308536	0.308809	0.294075	0.288319	0.285435	0.263524	0.000000	0.290100	0.297120	0.303490	0.294503	0.285304	0.304882	
0.303027	0.295527	0.302907	0.303770	0.308813	0.282554	0.306988	0.306350	0.317705	0.308767	0.297872	0.308061	0.293662	0.309217	0.309296	0.298740	0.301221	0.295647	0.279149	0.296314	0.289721	0.305510	0.306826	0.304406	0.310118	0.306217	0.310977	0.307518	0.292330	0.305769	0.296267	0.287618	0.297550	0.298511	0.288274	0.306206	0.303598	0.296922	0.315265	0.293306	0.298518	0.305610	0.299796	0.314734	0.305588	0.316949	0.291118	0.305388	0.320334	0.306900	0.303564	0.311782	0.306822	0.308190	0.309281	0.292788	0.289570	0.290100	0.000000	0.298135	0.300106	0.304817	0.273015	0.302940	
0.304031	0.311336	0.301200	0.318796	0.306367	0.305612	0.309980	0.315922	0.320618	0.303026	0.307248	0.315239	0.297575	0.297211	0.319232	0.310883	0.309357	0.301729	0.297358	0.313938	0.300841	0.302630	0.303790	0.281809	0.316887	0.329771	0.311973	0.317042	0.306092	0.236032	0.307602	0.294850	0.297467	0.279780	0.283147	0.311896	0.289497	0.302098	0.304883	0.308591	0.280391	0.312517	0.305688	0.321800	0.309376	0.321842	0.288453	0.311173	0.290825	0.310018	0.307935	0.319687	0.309797	0.313418	0.306424	0.304348	0.288074	0.297120	0.298135	0.000000	0.306946	0.303561	0.297902	0.296102	
0.304059	0.304011	0.314219	0.308406	0.306567	0.306731	0.311386	0.313478	0.311625	0.305185	0.303271	0.304480	0.299268	0.297724	0.316873	0.304504	0.312633	0.307944	0.304358	0.313761	0.302693	0.309618	0.318475	0.303208	0.298438	0.310880	0.306029	0.306707	0.288817	0.308111	0.291330	0.306972	0.296091	0.264573	0.290455	0.311404	0.283346	0.309803	0.307625	0.303797	0.295570	0.310090	0.300615	0.313185	0.299337	0.313735	0.287718	0.301297	0.308100	0.306057	0.303924	0.312336	0.298038	0.317090	0.312021	0.317055	0.299828	0.303490	0.300106	0.306946	0.000000	0.311586	0.300354	0.306784	
0.313348	0.300832	0.307768	0.316670	0.307180	0.309916	0.309064	0.310545	0.298987	0.310405	0.312637	0.300739	0.301672	0.300773	0.319741	0.306223	0.315148	0.311243	0.296393	0.301845	0.304172	0.318510	0.320590	0.301454	0.308107	0.321918	0.309524	0.311432	0.306409	0.308820	0.314906	0.310706	0.309484	0.308893	0.307029	0.310717	0.262321	0.312345	0.311038	0.313397	0.311653	0.302595	0.302319	0.314720	0.309580	0.310497	0.305959	0.311206	0.320675	0.306310	0.301700	0.308147	0.306285	0.306522	0.300323	0.299260	0.298932	0.294503	0.304817	0.303561	0.311586	0.000000	0.299913	0.308670	
0.300464	0.301912	0.295088	0.302959	0.303565	0.283896	0.302633	0.304994	0.318171	0.304445	0.293153	0.302577	0.299161	0.293451	0.311988	0.295573	0.304146	0.302793	0.296057	0.292504	0.287832	0.301573	0.310278	0.304173	0.308559	0.309742	0.300383	0.304436	0.303423	0.299716	0.293422	0.280443	0.286939	0.297676	0.290299	0.306795	0.298427	0.284326	0.308947	0.290802	0.303441	0.295150	0.292292	0.311814	0.315977	0.310349	0.286863	0.303888	0.304149	0.305324	0.297803	0.304689	0.305825	0.302474	0.305631	0.284867	0.295346	0.285304	0.273015	0.297902	0.300354	0.299913	0.000000	0.302168	
0.294786	0.294812	0.297113	0.299364	0.295550	0.296601	0.303969	0.298123	0.310572	0.294860	0.300775	0.306157	0.299452	0.295552	0.299612	0.301950	0.306218	0.298587	0.306348	0.307730	0.298288	0.309119	0.307513	0.305235	0.301915	0.308560	0.302921	0.297921	0.305039	0.304062	0.309795	0.306870	0.307936	0.304468	0.302237	0.312337	0.296503	0.312507	0.297640	0.307671	0.290630	0.298860	0.291430	0.303283	0.291906	0.307480	0.300238	0.301966	0.303852	0.294879	0.295963	0.304963	0.303455	0.304410	0.310685	0.303578	0.298120	0.304882	0.302940	0.296102	0.306784	0.308670	0.302168	0.000000	
