0.000000	0.307048	0.311767	0.316865	0.319939	0.310200	0.325891	0.318192	0.313364	0.311903	0.319756	0.333798	0.308265	0.289769	0.317978	0.324506	0.318288	0.320436	0.308048	0.317534	0.315650	0.301293	0.301479	0.318325	0.311586	0.316275	0.314322	0.313694	0.314369	0.318765	0.307869	0.322278	0.312928	0.317980	0.307319	0.310894	0.308615	0.310574	0.316415	0.316728	0.321596	0.309021	0.307420	0.316869	0.321311	0.315701	0.316572	0.319109	
0.307048	0.000000	0.302122	0.320606	0.314714	0.301537	0.297159	0.297989	0.300613	0.293668	0.303232	0.302755	0.304483	0.285404	0.313687	0.302995	0.310080	0.300242	0.308594	0.310409	0.300181	0.304499	0.312332	0.326112	0.311140	0.308234	0.301944	0.304150	0.297872	0.319719	0.315049	0.313632	0.302000	0.299177	0.307471	0.289498	0.307380	0.301145	0.305861	0.311216	0.305330	0.303453	0.297211	0.297640	0.299525	0.316634	0.303534	0.296831	
0.311767	0.302122	0.000000	0.313909	0.322275	0.326682	0.322339	0.321452	0.316114	0.313178	0.327606	0.310177	0.301703	0.311201	0.325685	0.311022	0.325425	0.318070	0.318846	0.304729	0.303803	0.311613	0.328215	0.333237	0.325176	0.325758	0.306513	0.330563	0.333073	0.330163	0.326250	0.331422	0.321563	0.325524	0.317983	0.318117	0.322773	0.323742	0.327048	0.330058	0.324051	0.322530	0.324381	0.324172	0.329999	0.325286	0.325935	0.329526	
0.316865	0.320606	0.313909	0.000000	0.308147	0.302372	0.295354	0.305394	0.296739	0.315705	0.310831	0.310687	0.314471	0.302367	0.324135	0.295558	0.310417	0.299743	0.307220	0.297410	0.297218	0.296597	0.319398	0.314749	0.316667	0.338390	0.302056	0.315077	0.310524	0.316306	0.305905	0.311754	0.317425	0.312254	0.307758	0.317638	0.318557	0.313233	0.318270	0.320029	0.319439	0.316218	0.307098	0.320597	0.315774	0.320299	0.310324	0.319274	
0.319939	0.314714	0.322275	0.308147	0.000000	0.313252	0.318321	0.310606	0.295360	0.316553	0.322108	0.304249	0.316678	0.310328	0.276770	0.315891	0.301560	0.309308	0.303861	0.307394	0.308258	0.293547	0.311628	0.319398	0.291593	0.319374	0.301871	0.306931	0.310467	0.311992	0.301618	0.308337	0.323084	0.311798	0.310627	0.314836	0.316144	0.303062	0.308772	0.314743	0.312507	0.308667	0.310905	0.309339	0.314726	0.315760	0.315000	0.259850	
0.310200	0.301537	0.326682	0.302372	0.313252	0.000000	0.292620	0.301893	0.312682	0.309933	0.302568	0.315334	0.307984	0.311234	0.306760	0.306873	0.305270	0.301142	0.299356	0.305034	0.316814	0.299495	0.300486	0.304190	0.311472	0.319141	0.293045	0.297834	0.307604	0.291787	0.297951	0.307444	0.304606	0.305932	0.303421	0.298372	0.313997	0.296740	0.302767	0.297350	0.311499	0.283103	0.296003	0.306474	0.304805	0.314994	0.308484	0.293422	
0.325891	0.297159	0.322339	0.295354	0.318321	0.292620	0.000000	0.271407	0.316551	0.309897	0.305081	0.308098	0.311214	0.297794	0.318454	0.318471	0.312692	0.281202	0.301115	0.314652	0.313165	0.318557	0.313250	0.311838	0.305198	0.315617	0.289084	0.316503	0.291696	0.318779	0.316124	0.314130	0.290289	0.290174	0.291418	0.296884	0.319242	0.314740	0.305032	0.311643	0.304337	0.307992	0.297155	0.310374	0.303586	0.325472	0.302216	0.308481	
0.318192	0.297989	0.321452	0.305394	0.310606	0.301893	0.271407	0.000000	0.302220	0.313895	0.307612	0.308770	0.313488	0.290072	0.310760	0.312342	0.308473	0.278690	0.307286	0.307613	0.311409	0.304098	0.315100	0.319601	0.310427	0.307738	0.306650	0.311306	0.306431	0.309659	0.319210	0.291527	0.293943	0.311822	0.300228	0.297809	0.314666	0.306003	0.299177	0.309459	0.316403	0.321244	0.308976	0.306591	0.302581	0.321627	0.302083	0.308976	
0.313364	0.300613	0.316114	0.296739	0.295360	0.312682	0.316551	0.302220	0.000000	0.306437	0.312230	0.303671	0.309043	0.306806	0.295472	0.315229	0.298895	0.302454	0.308019	0.299111	0.290234	0.309997	0.311028	0.312274	0.298126	0.318328	0.301166	0.319906	0.305752	0.327066	0.309178	0.324217	0.310919	0.312551	0.308402	0.315533	0.310797	0.298634	0.298324	0.300346	0.311042	0.311018	0.302920	0.305582	0.317432	0.313723	0.297926	0.307022	
0.311903	0.293668	0.313178	0.315705	0.316553	0.309933	0.309897	0.313895	0.306437	0.000000	0.277924	0.320563	0.304209	0.309190	0.326160	0.310357	0.317901	0.313216	0.311393	0.316197	0.305079	0.308921	0.305181	0.325566	0.316663	0.304961	0.311851	0.300364	0.310673	0.323460	0.311401	0.308727	0.301069	0.304815	0.309775	0.296448	0.306273	0.302442	0.311205	0.308112	0.312183	0.309268	0.310985	0.309078	0.308855	0.314919	0.319473	0.314028	
0.319756	0.303232	0.327606	0.310831	0.322108	0.302568	0.305081	0.307612	0.312230	0.277924	0.000000	0.304534	0.305503	0.303437	0.317425	0.310337	0.312789	0.286987	0.304665	0.316916	0.307536	0.307506	0.303083	0.312009	0.311001	0.316825	0.300718	0.303160	0.297544	0.311418	0.308991	0.303182	0.286485	0.290237	0.285159	0.291494	0.316183	0.314172	0.304037	0.306917	0.312094	0.317772	0.298155	0.301827	0.315960	0.326003	0.307260	0.299055	
0.333798	0.302755	0.310177	0.310687	0.304249	0.315334	0.308098	0.308770	0.303671	0.320563	0.304534	0.000000	0.314670	0.317775	0.317032	0.281018	0.304063	0.305059	0.310239	0.286600	0.299765	0.318044	0.318996	0.313581	0.307525	0.328354	0.288119	0.301558	0.303759	0.313480	0.310718	0.326306	0.311647	0.325709	0.298566	0.319130	0.315341	0.306553	0.310220	0.325761	0.315412	0.326107	0.319685	0.322063	0.308972	0.319175	0.312169	0.317231	
0.308265	0.304483	0.301703	0.314471	0.316678	0.307984	0.311214	0.313488	0.309043	0.304209	0.305503	0.314670	0.000000	0.305267	0.318037	0.312692	0.310574	0.313095	0.309335	0.308726	0.321695	0.302583	0.324018	0.311285	0.311274	0.315316	0.323281	0.304233	0.320408	0.312953	0.322537	0.315933	0.309375	0.312552	0.320834	0.316855	0.316820	0.313881	0.315444	0.319939	0.314652	0.316412	0.311585	0.321458	0.316699	0.327466	0.310138	0.310011	
0.289769	0.285404	0.311201	0.302367	0.310328	0.311234	0.297794	0.290072	0.306806	0.309190	0.303437	0.317775	0.305267	0.000000	0.306150	0.304688	0.312283	0.297588	0.313975	0.291519	0.316968	0.302922	0.310916	0.306001	0.318382	0.315648	0.304892	0.310742	0.306589	0.321813	0.318858	0.311991	0.299585	0.306074	0.308575	0.302858	0.315195	0.306379	0.316806	0.316637	0.320069	0.319342	0.298726	0.298197	0.311400	0.323718	0.305802	0.309518	
0.317978	0.313687	0.325685	0.324135	0.276770	0.306760	0.318454	0.310760	0.295472	0.326160	0.317425	0.317032	0.318037	0.306150	0.000000	0.320425	0.290753	0.326151	0.300591	0.318041	0.313425	0.303689	0.320131	0.307887	0.290799	0.331566	0.322042	0.322505	0.314572	0.312054	0.310649	0.309912	0.313429	0.311552	0.302608	0.312719	0.327362	0.299069	0.305916	0.300284	0.315498	0.307702	0.307561	0.309804	0.319353	0.321873	0.308675	0.312121	
0.324506	0.302995	0.311022	0.295558	0.315891	0.306873	0.318471	0.312342	0.315229	0.310357	0.310337	0.281018	0.312692	0.304688	0.320425	0.000000	0.319895	0.306735	0.317674	0.281778	0.300437	0.311531	0.321116	0.326017	0.315814	0.329614	0.308039	0.327354	0.314970	0.329324	0.309020	0.296776	0.321291	0.321041	0.316706	0.317758	0.329620	0.316852	0.321910	0.322101	0.325680	0.317850	0.320079	0.321602	0.320573	0.326957	0.328231	0.315899	
0.318288	0.310080	0.325425	0.310417	0.301560	0.305270	0.312692	0.308473	0.298895	0.317901	0.312789	0.304063	0.310574	0.312283	0.290753	0.319895	0.000000	0.307947	0.302211	0.315657	0.308620	0.301696	0.313370	0.314578	0.292660	0.319099	0.308219	0.316348	0.302863	0.315263	0.306398	0.303780	0.311111	0.319310	0.300625	0.314047	0.305479	0.294378	0.287990	0.311537	0.301420	0.302216	0.307988	0.308327	0.314477	0.307043	0.295916	0.306673	
0.320436	0.300242	0.318070	0.299743	0.309308	0.301142	0.281202	0.278690	0.302454	0.313216	0.286987	0.305059	0.313095	0.297588	0.326151	0.306735	0.307947	0.000000	0.301530	0.304141	0.305195	0.311455	0.313424	0.311125	0.314155	0.306316	0.288469	0.313202	0.304318	0.312155	0.304943	0.312314	0.291129	0.298419	0.294164	0.289724	0.304835	0.300393	0.291761	0.311131	0.313335	0.310666	0.309527	0.298358	0.303712	0.322234	0.314748	0.295208	
0.308048	0.308594	0.318846	0.307220	0.303861	0.299356	0.301115	0.307286	0.308019	0.311393	0.304665	0.310239	0.309335	0.313975	0.300591	0.317674	0.302211	0.301530	0.000000	0.304474	0.309087	0.291129	0.312095	0.279667	0.295444	0.313817	0.311065	0.315776	0.298469	0.299148	0.297249	0.309529	0.294322	0.313419	0.295799	0.300325	0.296460	0.293003	0.305845	0.304373	0.288203	0.290886	0.305405	0.304747	0.304953	0.309834	0.310141	0.301229	
0.317534	0.310409	0.304729	0.297410	0.307394	0.305034	0.314652	0.307613	0.299111	0.316197	0.316916	0.286600	0.308726	0.291519	0.318041	0.281778	0.315657	0.304141	0.304474	0.000000	0.274079	0.308755	0.322365	0.315992	0.317904	0.328595	0.296074	0.311978	0.315470	0.327170	0.313209	0.295366	0.319173	0.318955	0.306970	0.323586	0.326730	0.305768	0.312740	0.318775	0.318919	0.308782	0.314177	0.316081	0.330572	0.325482	0.325954	0.308900	
0.315650	0.300181	0.303803	0.297218	0.308258	0.316814	0.313165	0.311409	0.290234	0.305079	0.307536	0.299765	0.321695	0.316968	0.313425	0.300437	0.308620	0.305195	0.309087	0.274079	0.000000	0.302775	0.307554	0.309811	0.315525	0.320366	0.287872	0.322353	0.317404	0.319863	0.315253	0.315475	0.315485	0.313998	0.313869	0.316986	0.323564	0.297688	0.313533	0.318799	0.310307	0.315789	0.318144	0.312635	0.318327	0.318783	0.316300	0.311357	
0.301293	0.304499	0.311613	0.296597	0.293547	0.299495	0.318557	0.304098	0.309997	0.308921	0.307506	0.318044	0.302583	0.302922	0.303689	0.311531	0.301696	0.311455	0.291129	0.308755	0.302775	0.000000	0.294921	0.316594	0.302777	0.320000	0.300095	0.308775	0.306078	0.302489	0.294445	0.303918	0.308359	0.307824	0.300886	0.311614	0.314504	0.304277	0.305432	0.308568	0.312832	0.309033	0.303600	0.292087	0.315606	0.317976	0.309207	0.297683	
0.301479	0.312332	0.328215	0.319398	0.311628	0.300486	0.313250	0.315100	0.311028	0.305181	0.303083	0.318996	0.324018	0.310916	0.320131	0.321116	0.313370	0.313424	0.312095	0.322365	0.307554	0.294921	0.000000	0.307702	0.309906	0.314259	0.304737	0.314758	0.311307	0.301934	0.320556	0.306549	0.311809	0.308555	0.307807	0.295614	0.310599	0.305598	0.316460	0.279469	0.312381	0.314068	0.310171	0.311010	0.308481	0.323406	0.310753	0.298703	
0.318325	0.326112	0.333237	0.314749	0.319398	0.304190	0.311838	0.319601	0.312274	0.325566	0.312009	0.313581	0.311285	0.306001	0.307887	0.326017	0.314578	0.311125	0.279667	0.315992	0.309811	0.316594	0.307702	0.000000	0.314945	0.319032	0.318091	0.317758	0.307405	0.322853	0.321319	0.317504	0.301473	0.320118	0.309701	0.306578	0.326812	0.305878	0.312928	0.320344	0.301567	0.299884	0.311665	0.319232	0.308761	0.326193	0.310362	0.306888	
0.311586	0.311140	0.325176	0.316667	0.291593	0.311472	0.305198	0.310427	0.298126	0.316663	0.311001	0.307525	0.311274	0.318382	0.290799	0.315814	0.292660	0.314155	0.295444	0.317904	0.315525	0.302777	0.309906	0.314945	0.000000	0.320771	0.311099	0.319500	0.306747	0.296260	0.309809	0.307135	0.307692	0.310324	0.293417	0.308894	0.312309	0.304837	0.302651	0.305364	0.301726	0.293156	0.306892	0.298189	0.315644	0.309551	0.306079	0.304047	
0.316275	0.308234	0.325758	0.338390	0.319374	0.319141	0.315617	0.307738	0.318328	0.304961	0.316825	0.328354	0.315316	0.315648	0.331566	0.329614	0.319099	0.306316	0.313817	0.328595	0.320366	0.320000	0.314259	0.319032	0.320771	0.000000	0.326562	0.321563	0.317903	0.332528	0.335572	0.323192	0.311348	0.316478	0.302804	0.295684	0.274933	0.318650	0.319570	0.320949	0.317197	0.321395	0.317385	0.315370	0.314511	0.334231	0.312441	0.306057	
0.314322	0.301944	0.306513	0.302056	0.301871	0.293045	0.289084	0.306650	0.301166	0.311851	0.300718	0.288119	0.323281	0.304892	0.322042	0.308039	0.308219	0.288469	0.311065	0.296074	0.287872	0.300095	0.304737	0.318091	0.311099	0.326562	0.000000	0.303965	0.279743	0.309922	0.313581	0.315362	0.320999	0.300889	0.306804	0.308711	0.325352	0.306966	0.315402	0.310960	0.319182	0.317382	0.316447	0.302779	0.296108	0.323179	0.325020	0.303235	
0.313694	0.304150	0.330563	0.315077	0.306931	0.297834	0.316503	0.311306	0.319906	0.300364	0.303160	0.301558	0.304233	0.310742	0.322505	0.327354	0.316348	0.313202	0.315776	0.311978	0.322353	0.308775	0.314758	0.317758	0.319500	0.321563	0.303965	0.000000	0.308947	0.314225	0.303920	0.318626	0.309538	0.309729	0.305994	0.317011	0.314896	0.308181	0.307848	0.313792	0.323237	0.314729	0.315575	0.317286	0.314630	0.323564	0.311216	0.308059	
0.314369	0.297872	0.333073	0.310524	0.310467	0.307604	0.291696	0.306431	0.305752	0.310673	0.297544	0.303759	0.320408	0.306589	0.314572	0.314970	0.302863	0.304318	0.298469	0.315470	0.317404	0.306078	0.311307	0.307405	0.306747	0.317903	0.279743	0.308947	0.000000	0.313712	0.302046	0.320554	0.308528	0.308055	0.302212	0.305746	0.318328	0.296495	0.291340	0.312507	0.280814	0.317780	0.308300	0.310561	0.302799	0.291482	0.311058	0.301440	
0.318765	0.319719	0.330163	0.316306	0.311992	0.291787	0.318779	0.309659	0.327066	0.323460	0.311418	0.313480	0.312953	0.321813	0.312054	0.329324	0.315263	0.312155	0.299148	0.327170	0.319863	0.302489	0.301934	0.322853	0.296260	0.332528	0.309922	0.314225	0.313712	0.000000	0.305342	0.303919	0.311514	0.315199	0.312319	0.315592	0.328530	0.300319	0.310576	0.294750	0.308658	0.245818	0.322260	0.319080	0.306916	0.318631	0.312068	0.309820	
0.307869	0.315049	0.326250	0.305905	0.301618	0.297951	0.316124	0.319210	0.309178	0.311401	0.308991	0.310718	0.322537	0.318858	0.310649	0.309020	0.306398	0.304943	0.297249	0.313209	0.315253	0.294445	0.320556	0.321319	0.309809	0.335572	0.313581	0.303920	0.302046	0.305342	0.000000	0.316768	0.304748	0.323156	0.310073	0.311952	0.312419	0.309392	0.308152	0.301431	0.306910	0.301213	0.316617	0.311960	0.321796	0.317063	0.307257	0.301035	
0.322278	0.313632	0.331422	0.311754	0.308337	0.307444	0.314130	0.291527	0.324217	0.308727	0.303182	0.326306	0.315933	0.311991	0.309912	0.296776	0.303780	0.312314	0.309529	0.295366	0.315475	0.303918	0.306549	0.317504	0.307135	0.323192	0.315362	0.318626	0.320554	0.303919	0.316768	0.000000	0.322211	0.317009	0.301096	0.321880	0.323428	0.304801	0.317191	0.311877	0.329405	0.315510	0.311546	0.319995	0.322429	0.316975	0.317369	0.303384	
0.312928	0.302000	0.321563	0.317425	0.323084	0.304606	0.290289	0.293943	0.310919	0.301069	0.286485	0.311647	0.309375	0.299585	0.313429	0.321291	0.311111	0.291129	0.294322	0.319173	0.315485	0.308359	0.311809	0.301473	0.307692	0.311348	0.320999	0.309538	0.308528	0.311514	0.304748	0.322211	0.000000	0.299225	0.299108	0.254128	0.304397	0.302528	0.304723	0.314399	0.297529	0.318358	0.300969	0.309760	0.310299	0.316905	0.292918	0.297244	
0.317980	0.299177	0.325524	0.312254	0.311798	0.305932	0.290174	0.311822	0.312551	0.304815	0.290237	0.325709	0.312552	0.306074	0.311552	0.321041	0.319310	0.298419	0.313419	0.318955	0.313998	0.307824	0.308555	0.320118	0.310324	0.316478	0.300889	0.309729	0.308055	0.315199	0.323156	0.317009	0.299225	0.000000	0.311358	0.289381	0.315061	0.311918	0.308499	0.310235	0.313776	0.315138	0.246938	0.247343	0.320815	0.323671	0.319503	0.236645	
0.307319	0.307471	0.317983	0.307758	0.310627	0.303421	0.291418	0.300228	0.308402	0.309775	0.285159	0.298566	0.320834	0.308575	0.302608	0.316706	0.300625	0.294164	0.295799	0.306970	0.313869	0.300886	0.307807	0.309701	0.293417	0.302804	0.306804	0.305994	0.302212	0.312319	0.310073	0.301096	0.299108	0.311358	0.000000	0.308371	0.298212	0.306795	0.305659	0.295683	0.293760	0.299830	0.302392	0.303145	0.309775	0.317763	0.299515	0.303763	
0.310894	0.289498	0.318117	0.317638	0.314836	0.298372	0.296884	0.297809	0.315533	0.296448	0.291494	0.319130	0.316855	0.302858	0.312719	0.317758	0.314047	0.289724	0.300325	0.323586	0.316986	0.311614	0.295614	0.306578	0.308894	0.295684	0.308711	0.317011	0.305746	0.315592	0.311952	0.321880	0.254128	0.289381	0.308371	0.000000	0.284643	0.304050	0.307341	0.316697	0.298504	0.316427	0.297153	0.299977	0.305155	0.319774	0.307238	0.301226	
0.308615	0.307380	0.322773	0.318557	0.316144	0.313997	0.319242	0.314666	0.310797	0.306273	0.316183	0.315341	0.316820	0.315195	0.327362	0.329620	0.305479	0.304835	0.296460	0.326730	0.323564	0.314504	0.310599	0.326812	0.312309	0.274933	0.325352	0.314896	0.318328	0.328530	0.312419	0.323428	0.304397	0.315061	0.298212	0.284643	0.000000	0.308945	0.317690	0.308905	0.306797	0.314299	0.315418	0.305001	0.317324	0.322661	0.309419	0.307764	
0.310574	0.301145	0.323742	0.313233	0.303062	0.296740	0.314740	0.306003	0.298634	0.302442	0.314172	0.306553	0.313881	0.306379	0.299069	0.316852	0.294378	0.300393	0.293003	0.305768	0.297688	0.304277	0.305598	0.305878	0.304837	0.318650	0.306966	0.308181	0.296495	0.300319	0.309392	0.304801	0.302528	0.311918	0.306795	0.304050	0.308945	0.000000	0.306710	0.259942	0.303404	0.297193	0.306569	0.309097	0.309816	0.316011	0.302792	0.289040	
0.316415	0.305861	0.327048	0.318270	0.308772	0.302767	0.305032	0.299177	0.298324	0.311205	0.304037	0.310220	0.315444	0.316806	0.305916	0.321910	0.287990	0.291761	0.305845	0.312740	0.313533	0.305432	0.316460	0.312928	0.302651	0.319570	0.315402	0.307848	0.291340	0.310576	0.308152	0.317191	0.304723	0.308499	0.305659	0.307341	0.317690	0.306710	0.000000	0.316016	0.291076	0.300481	0.306432	0.313131	0.304233	0.305969	0.313061	0.301105	
0.316728	0.311216	0.330058	0.320029	0.314743	0.297350	0.311643	0.309459	0.300346	0.308112	0.306917	0.325761	0.319939	0.316637	0.300284	0.322101	0.311537	0.311131	0.304373	0.318775	0.318799	0.308568	0.279469	0.320344	0.305364	0.320949	0.310960	0.313792	0.312507	0.294750	0.301431	0.311877	0.314399	0.310235	0.295683	0.316697	0.308905	0.259942	0.316016	0.000000	0.310155	0.302617	0.308925	0.315299	0.319001	0.323157	0.315409	0.301706	
0.321596	0.305330	0.324051	0.319439	0.312507	0.311499	0.304337	0.316403	0.311042	0.312183	0.312094	0.315412	0.314652	0.320069	0.315498	0.325680	0.301420	0.313335	0.288203	0.318919	0.310307	0.312832	0.312381	0.301567	0.301726	0.317197	0.319182	0.323237	0.280814	0.308658	0.306910	0.329405	0.297529	0.313776	0.293760	0.298504	0.306797	0.303404	0.291076	0.310155	0.000000	0.308146	0.307858	0.305648	0.286209	0.296542	0.310106	0.307637	
0.309021	0.303453	0.322530	0.316218	0.308667	0.283103	0.307992	0.321244	0.311018	0.309268	0.317772	0.326107	0.316412	0.319342	0.307702	0.317850	0.302216	0.310666	0.290886	0.308782	0.315789	0.309033	0.314068	0.299884	0.293156	0.321395	0.317382	0.314729	0.317780	0.245818	0.301213	0.315510	0.318358	0.315138	0.299830	0.316427	0.314299	0.297193	0.300481	0.302617	0.308146	0.000000	0.319921	0.316974	0.315614	0.327205	0.305685	0.309944	
0.307420	0.297211	0.324381	0.307098	0.310905	0.296003	0.297155	0.308976	0.302920	0.310985	0.298155	0.319685	0.311585	0.298726	0.307561	0.320079	0.307988	0.309527	0.305405	0.314177	0.318144	0.303600	0.310171	0.311665	0.306892	0.317385	0.316447	0.315575	0.308300	0.322260	0.316617	0.311546	0.300969	0.246938	0.302392	0.297153	0.315418	0.306569	0.306432	0.308925	0.307858	0.319921	0.000000	0.284292	0.314729	0.328608	0.309979	0.274370	
0.316869	0.297640	0.324172	0.320597	0.309339	0.306474	0.310374	0.306591	0.305582	0.309078	0.301827	0.322063	0.321458	0.298197	0.309804	0.321602	0.308327	0.298358	0.304747	0.316081	0.312635	0.292087	0.311010	0.319232	0.298189	0.315370	0.302779	0.317286	0.310561	0.319080	0.311960	0.319995	0.309760	0.247343	0.303145	0.299977	0.305001	0.309097	0.313131	0.315299	0.305648	0.316974	0.284292	0.000000	0.309330	0.319437	0.303215	0.276847	
0.321311	0.299525	0.329999	0.315774	0.314726	0.304805	0.303586	0.302581	0.317432	0.308855	0.315960	0.308972	0.316699	0.311400	0.319353	0.320573	0.314477	0.303712	0.304953	0.330572	0.318327	0.315606	0.308481	0.308761	0.315644	0.314511	0.296108	0.314630	0.302799	0.306916	0.321796	0.322429	0.310299	0.320815	0.309775	0.305155	0.317324	0.309816	0.304233	0.319001	0.286209	0.315614	0.314729	0.309330	0.000000	0.301084	0.311676	0.324514	
0.315701	0.316634	0.325286	0.320299	0.315760	0.314994	0.325472	0.321627	0.313723	0.314919	0.326003	0.319175	0.327466	0.323718	0.321873	0.326957	0.307043	0.322234	0.309834	0.325482	0.318783	0.317976	0.323406	0.326193	0.309551	0.334231	0.323179	0.323564	0.291482	0.318631	0.317063	0.316975	0.316905	0.323671	0.317763	0.319774	0.322661	0.316011	0.305969	0.323157	0.296542	0.327205	0.328608	0.319437	0.301084	0.000000	0.320506	0.311547	
0.316572	0.303534	0.325935	0.310324	0.315000	0.308484	0.302216	0.302083	0.297926	0.319473	0.307260	0.312169	0.310138	0.305802	0.308675	0.328231	0.295916	0.314748	0.310141	0.325954	0.316300	0.309207	0.310753	0.310362	0.306079	0.312441	0.325020	0.311216	0.311058	0.312068	0.307257	0.317369	0.292918	0.319503	0.299515	0.307238	0.309419	0.302792	0.313061	0.315409	0.310106	0.305685	0.309979	0.303215	0.311676	0.320506	0.000000	0.309219	
0.319109	0.296831	0.329526	0.319274	0.259850	0.293422	0.308481	0.308976	0.307022	0.314028	0.299055	0.317231	0.310011	0.309518	0.312121	0.315899	0.306673	0.295208	0.301229	0.308900	0.311357	0.297683	0.298703	0.306888	0.304047	0.306057	0.303235	0.308059	0.301440	0.309820	0.301035	0.303384	0.297244	0.236645	0.303763	0.301226	0.307764	0.289040	0.301105	0.301706	0.307637	0.309944	0.274370	0.276847	0.324514	0.311547	0.309219	0.000000	
